0 764
764 0
0 1157
1157 0
0 917
917 0
0 737
737 0
0 287
287 0
0 783
783 0
0 686
686 0
1 491
491 1
1 529
529 1
1 18
18 1
1 207
207 1
1 439
439 1
1 1196
1196 1
1 1131
1131 1
2 1148
1148 2
2 1069
1069 2
2 926
926 2
2 626
626 2
2 740
740 2
2 386
386 2
2 970
970 2
3 749
749 3
3 368
368 3
3 836
836 3
3 665
665 3
3 1059
1059 3
3 400
400 3
3 377
377 3
4 614
614 4
4 673
673 4
4 616
616 4
4 309
309 4
4 227
227 4
4 253
253 4
4 1074
1074 4
5 338
338 5
5 493
493 5
5 847
847 5
5 485
485 5
5 52
52 5
5 69
69 5
5 279
279 5
6 365
365 6
6 997
997 6
6 669
669 6
6 1110
1110 6
6 994
994 6
6 494
494 6
6 1047
1047 6
7 524
524 7
7 425
425 7
7 331
331 7
7 489
489 7
7 371
371 7
7 365
365 7
7 190
190 7
8 362
362 8
8 13
13 8
8 732
732 8
8 878
878 8
8 642
642 8
8 31
31 8
8 1091
1091 8
9 554
554 9
9 357
357 9
9 1098
1098 9
9 92
92 9
9 343
343 9
9 615
615 9
9 481
481 9
10 59
59 10
10 843
843 10
10 887
887 10
10 920
920 10
10 268
268 10
10 540
540 10
10 90
90 10
11 820
820 11
11 709
709 11
11 603
603 11
11 1060
1060 11
11 390
390 11
11 158
158 11
11 363
363 11
12 985
985 12
12 1172
1172 12
12 459
459 12
12 1029
1029 12
12 896
896 12
12 86
86 12
12 222
222 12
13 567
567 13
13 502
502 13
13 431
431 13
13 913
913 13
13 671
671 13
13 642
642 13
14 984
984 14
14 917
917 14
14 359
359 14
14 860
860 14
14 251
251 14
14 212
212 14
14 233
233 14
15 1146
1146 15
15 1153
1153 15
15 77
77 15
15 1150
1150 15
15 46
46 15
15 1136
1136 15
15 111
111 15
16 298
298 16
16 538
538 16
16 74
74 16
16 332
332 16
16 446
446 16
16 253
253 16
16 41
41 16
17 508
508 17
17 448
448 17
17 430
430 17
17 80
80 17
17 751
751 17
17 247
247 17
17 275
275 17
18 529
529 18
18 294
294 18
18 999
999 18
18 439
439 18
18 435
435 18
18 88
88 18
18 742
742 18
19 934
934 19
19 556
556 19
19 637
637 19
19 668
668 19
19 530
530 19
19 206
206 19
19 881
881 19
20 875
875 20
20 420
420 20
20 952
952 20
20 943
943 20
20 739
739 20
20 285
285 20
20 237
237 20
21 517
517 21
21 1060
1060 21
21 981
981 21
21 551
551 21
21 713
713 21
21 121
121 21
21 1170
1170 21
22 275
275 22
22 31
31 22
22 751
751 22
22 608
608 22
22 936
936 22
22 929
929 22
22 383
383 22
23 39
39 23
23 161
161 23
23 930
930 23
23 503
503 23
23 744
744 23
23 1048
1048 23
23 36
36 23
24 1092
1092 24
24 437
437 24
24 409
409 24
24 929
929 24
24 358
358 24
24 869
869 24
24 890
890 24
25 266
266 25
25 483
483 25
25 1137
1137 25
25 1140
1140 25
25 81
81 25
25 1008
1008 25
25 924
924 25
26 1050
1050 26
26 947
947 26
26 980
980 26
26 855
855 26
26 402
402 26
26 599
599 26
26 920
920 26
27 884
884 27
27 119
119 27
27 605
605 27
27 414
414 27
27 71
71 27
27 1180
1180 27
27 1046
1046 27
28 167
167 28
28 319
319 28
28 910
910 28
28 593
593 28
28 186
186 28
28 874
874 28
28 364
364 28
29 850
850 29
29 385
385 29
29 537
537 29
29 660
660 29
29 323
323 29
29 548
548 29
29 592
592 29
30 975
975 30
30 852
852 30
30 977
977 30
30 296
296 30
30 795
795 30
30 803
803 30
31 741
741 31
31 1022
1022 31
31 608
608 31
31 777
777 31
31 878
878 31
31 704
704 31
32 603
603 32
32 719
719 32
32 277
277 32
32 924
924 32
32 321
321 32
32 125
125 32
32 435
435 32
33 703
703 33
33 961
961 33
33 693
693 33
33 345
345 33
33 198
198 33
33 366
366 33
33 193
193 33
34 117
117 34
34 134
134 34
34 601
601 34
34 183
183 34
34 706
706 34
34 120
120 34
34 498
498 34
35 1205
1205 35
35 1124
1124 35
35 1136
1136 35
35 1146
1146 35
35 1133
1133 35
35 111
111 35
35 1128
1128 35
36 672
672 36
36 844
844 36
36 55
55 36
36 126
126 36
36 545
545 36
36 744
744 36
36 680
680 36
37 557
557 37
37 228
228 37
37 438
438 37
37 954
954 37
37 195
195 37
37 53
53 37
37 231
231 37
38 534
534 38
38 905
905 38
38 649
649 38
38 344
344 38
38 310
310 38
38 573
573 38
38 762
762 38
39 310
310 39
39 509
509 39
39 930
930 39
39 840
840 39
39 503
503 39
39 1048
1048 39
40 1125
1125 40
40 1058
1058 40
40 683
683 40
40 712
712 40
40 986
986 40
40 1135
1135 40
40 122
122 40
41 389
389 41
41 142
142 41
41 332
332 41
41 74
74 41
41 253
253 41
41 298
298 41
42 907
907 42
42 378
378 42
42 272
272 42
42 1028
1028 42
42 323
323 42
42 873
873 42
42 393
393 42
43 564
564 43
43 825
825 43
43 712
712 43
43 399
399 43
43 199
199 43
43 941
941 43
43 861
861 43
44 1035
1035 44
44 605
605 44
44 71
71 44
44 1134
1134 44
44 391
391 44
44 695
695 44
45 1171
1171 45
45 1128
1128 45
45 1146
1146 45
45 1133
1133 45
45 992
992 45
45 1138
1138 45
46 478
478 46
46 1136
1136 46
46 111
111 46
46 77
77 46
46 1150
1150 46
46 1153
1153 46
47 826
826 47
47 694
694 47
47 583
583 47
47 887
887 47
47 117
117 47
47 540
540 47
47 964
964 47
48 1149
1149 48
48 133
133 48
48 174
174 48
48 816
816 48
48 1013
1013 48
48 1083
1083 48
48 600
600 48
49 95
95 49
49 1033
1033 49
49 338
338 49
49 627
627 49
49 590
590 49
49 172
172 49
49 1121
1121 49
50 1030
1030 50
50 54
54 50
50 769
769 50
50 1123
1123 50
50 843
843 50
50 887
887 50
50 312
312 50
51 1172
1172 51
51 1167
1167 51
51 55
55 51
51 459
459 51
51 985
985 51
51 1061
1061 51
51 1116
1116 51
52 1142
1142 52
52 712
712 52
52 199
199 52
52 683
683 52
52 941
941 52
52 399
399 52
53 340
340 53
53 205
205 53
53 195
195 53
53 453
453 53
53 231
231 53
53 804
804 53
54 1009
1009 54
54 887
887 54
54 117
117 54
54 1008
1008 54
54 843
843 54
54 447
447 54
54 276
276 54
55 459
459 55
55 1167
1167 55
55 428
428 55
55 672
672 55
55 985
985 55
55 284
284 55
56 275
275 56
56 156
156 56
56 751
751 56
56 362
362 56
56 516
516 56
56 741
741 56
56 98
98 56
57 171
171 57
57 389
389 57
57 1063
1063 57
57 821
821 57
57 306
306 57
57 298
298 57
58 977
977 58
58 343
343 58
58 173
173 58
58 92
92 58
58 296
296 58
58 481
481 58
59 920
920 59
59 601
601 59
59 887
887 59
59 787
787 59
59 90
90 59
60 380
380 60
60 403
403 60
60 828
828 60
60 928
928 60
60 959
959 60
60 942
942 60
60 970
970 60
61 1124
1124 61
61 1146
1146 61
61 1153
1153 61
61 1133
1133 61
61 1150
1150 61
61 1136
1136 61
62 340
340 62
62 1105
1105 62
62 438
438 62
62 605
605 62
62 657
657 62
62 1166
1166 62
63 398
398 63
63 328
328 63
63 310
310 63
63 842
842 63
63 509
509 63
63 242
242 63
63 767
767 63
64 964
964 64
64 348
348 64
64 694
694 64
64 361
361 64
64 307
307 64
64 688
688 64
64 1123
1123 64
65 1036
1036 65
65 1014
1014 65
65 115
115 65
65 1093
1093 65
65 847
847 65
65 596
596 65
65 1208
1208 65
66 1001
1001 66
66 613
613 66
66 577
577 66
66 687
687 66
66 314
314 66
66 717
717 66
66 579
579 66
67 413
413 67
67 875
875 67
67 680
680 67
67 545
545 67
67 943
943 67
67 1186
1186 67
68 495
495 68
68 797
797 68
68 234
234 68
68 209
209 68
68 1009
1009 68
68 90
90 68
68 1067
1067 68
69 488
488 69
69 739
739 69
69 636
636 69
69 621
621 69
69 948
948 69
69 382
382 69
69 285
285 69
70 461
461 70
70 127
127 70
70 1127
1127 70
70 78
78 70
70 311
311 70
70 900
900 70
70 289
289 70
71 695
695 71
71 180
180 71
71 267
267 71
71 1180
1180 71
71 1163
1163 71
71 218
218 71
72 722
722 72
72 526
526 72
72 583
583 72
72 90
90 72
72 878
878 72
73 570
570 73
73 984
984 73
73 384
384 73
73 963
963 73
73 937
937 73
73 1051
1051 73
73 130
130 73
74 775
775 74
74 389
389 74
74 171
171 74
74 253
253 74
74 538
538 74
75 860
860 75
75 917
917 75
75 686
686 75
75 1157
1157 75
75 963
963 75
76 327
327 76
76 167
167 76
76 720
720 76
76 774
774 76
76 935
935 76
76 1103
1103 76
76 196
196 76
77 1136
1136 77
77 111
111 77
77 1146
1146 77
77 1150
1150 77
78 268
268 78
78 583
583 78
78 826
826 78
78 540
540 78
78 311
311 78
78 424
424 78
79 667
667 79
79 846
846 79
79 1041
1041 79
79 411
411 79
79 1149
1149 79
79 427
427 79
79 264
264 79
80 130
130 80
80 430
430 80
80 508
508 80
80 1139
1139 80
80 950
950 80
80 551
551 80
81 266
266 81
81 415
415 81
81 179
179 81
81 324
324 81
81 1008
1008 81
81 292
292 81
82 651
651 82
82 430
430 82
82 937
937 82
82 269
269 82
82 950
950 82
82 570
570 82
82 511
511 82
83 152
152 83
83 372
372 83
83 689
689 83
83 278
278 83
83 405
405 83
83 400
400 83
83 836
836 83
84 135
135 84
84 917
917 84
84 994
994 84
84 327
327 84
84 1047
1047 84
84 467
467 84
84 610
610 84
85 456
456 85
85 935
935 85
85 1147
1147 85
85 406
406 85
85 562
562 85
85 646
646 85
85 910
910 85
86 222
222 86
86 844
844 86
86 373
373 86
86 545
545 86
86 107
107 86
86 1029
1029 86
86 680
680 86
87 938
938 87
87 523
523 87
87 897
897 87
87 990
990 87
87 947
947 87
87 787
787 87
87 227
227 87
88 742
742 88
88 631
631 88
88 999
999 88
88 102
102 88
88 435
435 88
88 873
873 88
88 294
294 88
89 1149
1149 89
89 1086
1086 89
89 456
456 89
89 682
682 89
89 816
816 89
89 667
667 89
89 1041
1041 89
90 276
276 90
90 268
268 90
90 797
797 90
90 601
601 90
90 920
920 90
91 306
306 91
91 419
419 91
91 389
389 91
91 1065
1065 91
91 735
735 91
91 752
752 91
91 271
271 91
92 412
412 92
92 352
352 92
92 481
481 92
92 554
554 92
92 343
343 92
93 244
244 93
93 407
407 93
93 155
155 93
93 1170
1170 93
93 121
121 93
93 750
750 93
93 937
937 93
94 772
772 94
94 504
504 94
94 681
681 94
94 909
909 94
94 649
649 94
94 213
213 94
95 218
218 95
95 339
339 95
95 762
762 95
95 278
278 95
95 356
356 95
95 413
413 95
95 675
675 95
96 410
410 96
96 796
796 96
96 1103
1103 96
96 434
434 96
96 163
163 96
96 487
487 96
96 812
812 96
97 1036
1036 97
97 748
748 97
97 596
596 97
97 115
115 97
97 1062
1062 97
97 715
715 97
98 1006
1006 98
98 516
516 98
98 470
470 98
98 751
751 98
98 156
156 98
99 339
339 99
99 413
413 99
99 744
744 99
99 126
126 99
99 701
701 99
99 503
503 99
99 1185
1185 99
100 266
266 100
100 245
245 100
100 924
924 100
100 866
866 100
100 894
894 100
100 571
571 100
100 914
914 100
101 349
349 101
101 881
881 101
101 668
668 101
101 547
547 101
101 449
449 101
101 810
810 101
101 940
940 101
102 860
860 102
102 395
395 102
102 422
422 102
102 978
978 102
102 984
984 102
102 651
651 102
102 154
154 102
103 293
293 103
103 445
445 103
103 1118
1118 103
103 456
456 103
103 879
879 103
103 322
322 103
103 974
974 103
104 589
589 104
104 370
370 104
104 300
300 104
104 643
643 104
104 477
477 104
104 1143
1143 104
104 766
766 104
105 261
261 105
105 1134
1134 105
105 872
872 105
105 1015
1015 105
105 569
569 105
105 329
329 105
106 486
486 106
106 1089
1089 106
106 297
297 106
106 352
352 106
106 1028
1028 106
106 776
776 106
106 392
392 106
107 348
348 107
107 806
806 107
107 672
672 107
107 1029
1029 107
107 680
680 107
107 844
844 107
108 984
984 108
108 154
154 108
108 395
395 108
108 661
661 108
108 860
860 108
108 653
653 108
109 527
527 109
109 158
158 109
109 981
981 109
109 409
409 109
109 385
385 109
109 1060
1060 109
109 924
924 109
110 195
195 110
110 217
217 110
110 231
231 110
110 438
438 110
110 340
340 110
111 1128
1128 111
111 1146
1146 111
111 1136
1136 111
112 947
947 112
112 436
436 112
112 1050
1050 112
112 402
402 112
112 801
801 112
112 982
982 112
113 1002
1002 113
113 238
238 113
113 420
420 113
113 400
400 113
113 634
634 113
113 484
484 113
113 1088
1088 113
114 276
276 114
114 843
843 114
114 299
299 114
114 999
999 114
114 924
924 114
114 1008
1008 114
114 209
209 114
115 1178
1178 115
115 328
328 115
115 842
842 115
115 748
748 115
115 715
715 115
115 1062
1062 115
116 870
870 116
116 399
399 116
116 581
581 116
116 320
320 116
116 825
825 116
116 638
638 116
116 423
423 116
117 540
540 117
117 887
887 117
117 706
706 117
117 892
892 117
117 964
964 117
118 189
189 118
118 160
160 118
118 208
208 118
118 784
784 118
118 412
412 118
118 1045
1045 118
119 1123
1123 119
119 672
672 119
119 688
688 119
119 605
605 119
119 348
348 119
119 361
361 119
119 428
428 119
120 183
183 120
120 706
706 120
120 964
964 120
120 601
601 120
120 826
826 120
120 498
498 120
121 551
551 121
121 929
929 121
121 834
834 121
121 219
219 121
121 1170
1170 121
121 254
254 121
122 475
475 122
122 529
529 122
122 439
439 122
122 299
299 122
122 571
571 122
122 472
472 122
122 866
866 122
123 1139
1139 123
123 838
838 123
123 250
250 123
123 158
158 123
123 981
981 123
123 603
603 123
124 1047
1047 124
124 529
529 124
124 1110
1110 124
124 445
445 124
124 1137
1137 124
124 472
472 124
124 571
571 124
125 494
494 125
125 367
367 125
125 532
532 125
125 435
435 125
125 1047
1047 125
125 721
721 125
126 161
161 126
126 622
622 126
126 218
218 126
126 413
413 126
126 744
744 126
126 680
680 126
127 614
614 127
127 1018
1018 127
127 311
311 127
127 900
900 127
127 229
229 127
127 575
575 127
128 866
866 128
128 931
931 128
128 209
209 128
128 177
177 128
128 894
894 128
128 999
999 128
129 927
927 129
129 219
219 129
129 254
254 129
129 624
624 129
129 913
913 129
129 204
204 129
129 397
397 129
130 551
551 130
130 1051
1051 130
130 508
508 130
130 937
937 130
131 757
757 131
131 696
696 131
131 432
432 131
131 256
256 131
131 260
260 131
131 391
391 131
131 1105
1105 131
132 359
359 132
132 716
716 132
132 1199
1199 132
132 212
212 132
132 570
570 132
132 1095
1095 132
132 1096
1096 132
133 412
412 133
133 1041
1041 133
133 1083
1083 133
133 1149
1149 133
133 208
208 133
133 816
816 133
134 219
219 134
134 1018
1018 134
134 814
814 134
134 227
227 134
134 897
897 134
134 540
540 134
135 482
482 135
135 196
196 135
135 610
610 135
135 848
848 135
135 835
835 135
135 1110
1110 135
135 479
479 135
136 987
987 136
136 857
857 136
136 225
225 136
136 790
790 136
136 286
286 136
136 197
197 136
136 166
166 136
137 138
138 137
137 288
288 137
137 167
167 137
137 676
676 137
137 932
932 137
137 944
944 137
137 1106
1106 137
138 444
444 138
138 406
406 138
138 805
805 138
138 932
932 138
138 167
167 138
138 848
848 138
138 1106
1106 138
139 299
299 139
139 252
252 139
139 272
272 139
139 873
873 139
139 800
800 139
140 230
230 140
140 960
960 140
140 151
151 140
140 706
706 140
140 1021
1021 140
140 179
179 140
140 523
523 140
141 324
324 141
141 647
647 141
141 179
179 141
141 1140
1140 141
141 707
707 141
141 273
273 141
141 770
770 141
142 253
253 142
142 616
616 142
142 389
389 142
142 306
306 142
142 332
332 142
142 298
298 142
143 228
228 143
143 911
911 143
143 438
438 143
143 446
446 143
143 281
281 143
143 1144
1144 143
143 340
340 143
144 579
579 144
144 874
874 144
144 1003
1003 144
144 796
796 144
144 1072
1072 144
144 648
648 144
144 1199
1199 144
145 365
365 145
145 327
327 145
145 963
963 145
145 487
487 145
145 578
578 145
145 524
524 145
145 215
215 145
146 382
382 146
146 263
263 146
146 516
516 146
146 607
607 146
146 621
621 146
146 636
636 146
146 791
791 146
147 990
990 147
147 547
547 147
147 347
347 147
147 1012
1012 147
147 983
983 147
147 617
617 147
147 644
644 147
148 531
531 148
148 615
615 148
148 883
883 148
148 635
635 148
148 754
754 148
148 867
867 148
149 556
556 149
149 1057
1057 149
149 1079
1079 149
149 776
776 149
149 206
206 149
149 530
530 149
149 934
934 149
150 436
436 150
150 1021
1021 150
150 979
979 150
150 311
311 150
150 900
900 150
151 349
349 151
151 770
770 151
151 273
273 151
151 1195
1195 151
151 436
436 151
151 179
179 151
151 960
960 151
152 278
278 152
152 604
604 152
152 1029
1029 152
152 373
373 152
152 437
437 152
152 372
372 152
153 481
481 153
153 794
794 153
153 388
388 153
153 619
619 153
153 615
615 153
153 1156
1156 153
153 808
808 153
154 984
984 154
154 550
550 154
154 1000
1000 154
154 422
422 154
154 978
978 154
154 395
395 154
155 750
750 155
155 289
289 155
155 461
461 155
155 407
407 155
155 764
764 155
155 838
838 155
156 751
751 156
156 516
516 156
156 470
470 156
156 511
511 156
156 1172
1172 156
157 201
201 157
157 1090
1090 157
157 399
399 157
157 785
785 157
157 1085
1085 157
157 199
199 157
157 854
854 157
158 1060
1060 158
158 981
981 158
158 820
820 158
158 709
709 158
159 444
444 159
159 410
410 159
159 1001
1001 159
159 1132
1132 159
159 465
465 159
159 460
460 159
160 647
647 160
160 799
799 160
160 392
392 160
160 784
784 160
160 189
189 160
160 165
165 160
161 582
582 161
161 503
503 161
161 744
744 161
162 388
388 162
162 273
273 162
162 707
707 162
162 808
808 162
162 763
763 162
162 457
457 162
163 652
652 163
163 369
369 163
163 1103
1103 163
163 444
444 163
163 932
932 163
163 812
812 163
164 397
397 164
164 814
814 164
164 819
819 164
164 1000
1000 164
164 704
704 164
164 655
655 164
164 913
913 164
165 784
784 165
165 173
173 165
165 799
799 165
165 189
189 165
165 1005
1005 165
166 813
813 166
166 208
208 166
166 793
793 166
166 225
225 166
166 790
790 166
166 962
962 166
167 910
910 167
167 196
196 167
167 406
406 167
167 805
805 167
167 1106
1106 167
167 935
935 167
168 308
308 168
168 393
393 168
168 873
873 168
168 631
631 168
169 484
484 169
169 420
420 169
169 1002
1002 169
169 238
238 169
169 1088
1088 169
169 368
368 169
170 475
475 170
170 1123
1123 170
170 915
915 170
170 312
312 170
170 894
894 170
170 527
527 170
170 284
284 170
171 958
958 171
171 306
306 171
171 228
228 171
171 480
480 171
171 654
654 171
171 389
389 171
172 670
670 172
172 573
573 172
172 1107
1107 172
172 356
356 172
172 590
590 172
172 338
338 172
173 766
766 173
173 457
457 173
173 615
615 173
173 273
273 173
173 453
453 173
173 707
707 173
173 179
179 173
174 802
802 174
174 600
600 174
174 966
966 174
174 1013
1013 174
174 1086
1086 174
174 816
816 174
175 1023
1023 175
175 559
559 175
175 925
925 175
175 868
868 175
175 699
699 175
175 586
586 175
176 682
682 176
176 932
932 176
176 1106
1106 176
176 442
442 176
177 313
313 177
177 780
780 177
177 474
474 177
177 458
458 177
177 210
210 177
177 852
852 177
177 299
299 177
178 686
686 178
178 188
188 178
178 764
764 178
178 783
783 178
178 240
240 178
178 407
407 178
178 384
384 178
179 707
707 179
179 1140
1140 179
179 273
273 179
180 884
884 180
180 695
695 180
180 218
218 180
180 1175
1175 180
180 1163
1163 180
181 546
546 181
181 278
278 181
181 344
344 181
181 401
401 181
181 762
762 181
182 717
717 182
182 790
790 182
182 812
812 182
182 479
479 182
182 606
606 182
182 793
793 182
182 468
468 182
183 734
734 183
183 706
706 183
183 277
277 183
183 483
483 183
183 1127
1127 183
184 1048
1048 184
184 220
220 184
184 630
630 184
184 840
840 184
184 885
885 184
184 839
839 184
185 562
562 185
185 910
910 185
185 406
406 185
185 610
610 185
185 367
367 185
185 1049
1049 185
186 212
212 186
186 779
779 186
186 719
719 186
186 831
831 186
186 593
593 186
186 394
394 186
187 878
878 187
187 517
517 187
187 1022
1022 187
187 714
714 187
188 434
434 188
188 224
224 188
188 717
717 188
188 1032
1032 188
188 783
783 188
188 384
384 188
189 829
829 189
189 591
591 189
189 784
784 189
189 799
799 189
189 707
707 189
190 365
365 190
190 585
585 190
190 224
224 190
190 565
565 190
190 871
871 190
190 371
371 190
191 778
778 191
191 694
694 191
191 527
527 191
191 700
700 191
191 526
526 191
191 658
658 191
191 604
604 191
192 195
195 192
192 447
447 192
192 349
349 192
192 960
960 192
192 1078
1078 192
192 495
495 192
192 795
795 192
193 1090
1090 193
193 417
417 193
193 366
366 193
193 703
703 193
193 198
198 193
193 693
693 193
194 214
214 194
194 618
618 194
194 261
261 194
194 1182
1182 194
194 1004
1004 194
194 1031
1031 194
194 587
587 194
195 270
270 195
195 453
453 195
195 474
474 195
195 954
954 195
195 804
804 195
196 997
997 196
196 369
369 196
196 646
646 196
196 848
848 196
196 479
479 196
196 720
720 196
196 805
805 196
197 286
286 197
197 962
962 197
197 535
535 197
197 225
225 197
197 679
679 197
197 857
857 197
198 561
561 198
198 803
803 198
198 693
693 198
198 635
635 198
198 1090
1090 198
199 1058
1058 199
199 861
861 199
199 399
399 199
199 825
825 199
199 1085
1085 199
199 854
854 199
200 806
806 200
200 730
730 200
200 1102
1102 200
200 694
694 200
200 815
815 200
200 735
735 200
200 267
267 200
201 802
802 201
201 699
699 201
201 1085
1085 201
201 1090
1090 201
201 785
785 201
202 748
748 202
202 715
715 202
202 1036
1036 202
202 973
973 202
202 220
220 202
202 493
493 202
202 759
759 202
203 438
438 203
203 340
340 203
203 347
347 203
203 958
958 203
204 1055
1055 204
204 397
397 204
204 431
431 204
204 502
502 204
204 913
913 204
205 228
228 205
205 617
617 205
205 643
643 205
205 512
512 205
205 758
758 205
206 560
560 206
206 392
392 206
206 602
602 206
206 1112
1112 206
206 297
297 206
206 659
659 206
207 797
797 207
207 820
820 207
207 415
415 207
207 268
268 207
207 498
498 207
208 412
412 208
208 392
392 208
208 343
343 208
209 1167
1167 209
209 276
276 209
209 797
797 209
209 1160
1160 209
209 409
409 209
209 1009
1009 209
210 852
852 210
210 557
557 210
210 474
474 210
210 543
543 210
210 1008
1008 210
210 458
458 210
211 431
431 211
211 733
733 211
211 263
263 211
211 1183
1183 211
211 597
597 211
211 817
817 211
211 1132
1132 211
212 719
719 212
212 287
287 212
212 429
429 212
212 860
860 212
212 1049
1049 212
212 716
716 212
212 917
917 212
213 639
639 213
213 534
534 213
213 649
649 213
213 522
522 213
213 504
504 213
213 492
492 213
213 398
398 213
214 880
880 214
214 231
231 214
214 618
618 214
214 587
587 214
214 1031
1031 214
215 524
524 215
215 410
410 215
215 963
963 215
215 224
224 215
215 487
487 215
215 888
888 215
216 381
381 216
216 917
917 216
216 467
467 216
216 716
716 216
216 232
232 216
216 287
287 216
216 1157
1157 216
217 618
618 217
217 683
683 217
217 576
576 217
217 248
248 217
217 231
231 217
218 844
844 218
218 730
730 218
218 735
735 218
218 1163
1163 218
219 869
869 219
219 1170
1170 219
219 624
624 219
219 814
814 219
219 878
878 219
219 927
927 219
220 877
877 220
220 767
767 220
220 310
310 220
220 973
973 220
220 509
509 220
221 430
430 221
221 1006
1006 221
221 838
838 221
221 359
359 221
221 950
950 221
221 551
551 221
221 1139
1139 221
222 751
751 222
222 985
985 222
222 743
743 222
222 459
459 222
222 896
896 222
223 1119
1119 223
223 379
379 223
223 942
942 223
223 959
959 223
223 1148
1148 223
223 828
828 223
223 970
970 223
224 783
783 224
224 1157
1157 224
224 240
240 224
224 371
371 224
225 679
679 225
225 535
535 225
225 857
857 225
225 962
962 225
226 330
330 226
226 574
574 226
226 709
709 226
226 236
236 226
226 461
461 226
226 244
244 226
226 771
771 226
227 897
897 227
227 614
614 227
227 1074
1074 227
227 540
540 227
228 340
340 228
228 954
954 228
228 480
480 228
228 557
557 228
228 270
270 228
228 657
657 228
229 900
900 229
229 528
528 229
229 1074
1074 229
229 575
575 229
230 891
891 230
230 421
421 230
230 663
663 230
230 829
829 230
230 449
449 230
230 799
799 230
231 645
645 231
231 880
880 231
232 1157
1157 232
232 381
381 232
232 716
716 232
232 287
287 232
233 719
719 233
233 831
831 233
233 1049
1049 233
233 367
367 233
234 268
268 234
234 266
266 234
234 301
301 234
234 447
447 234
234 276
276 234
234 797
797 234
235 1097
1097 235
235 1208
1208 235
235 1014
1014 235
235 634
634 235
235 837
837 235
235 698
698 235
235 350
350 235
236 289
289 236
236 483
483 236
236 783
783 236
236 737
737 236
236 851
851 236
236 746
746 236
236 1032
1032 236
237 698
698 237
237 875
875 237
237 952
952 237
237 739
739 237
237 943
943 237
237 285
285 237
238 368
368 238
238 634
634 238
238 420
420 238
238 1088
1088 238
239 1047
1047 239
239 997
997 239
239 272
272 239
239 425
425 239
239 994
994 239
239 331
331 239
240 287
287 240
240 737
737 240
240 921
921 240
240 250
250 240
241 1074
1074 241
241 575
575 241
241 736
736 241
241 614
614 241
241 528
528 241
242 509
509 242
242 842
842 242
242 1014
1014 242
242 398
398 242
242 328
328 242
243 391
391 243
243 782
782 243
243 710
710 243
243 757
757 243
243 1035
1035 243
243 681
681 243
243 946
946 243
244 750
750 244
244 548
548 244
244 407
407 244
244 882
882 244
244 544
544 244
245 999
999 245
245 571
571 245
245 924
924 245
245 931
931 245
245 266
266 245
245 823
823 245
245 313
313 245
246 802
802 246
246 249
249 246
246 549
549 246
246 1085
1085 246
246 785
785 246
246 846
846 246
247 390
390 247
247 275
275 247
247 608
608 247
247 508
508 247
247 936
936 247
248 1134
1134 248
248 1031
1031 248
248 576
576 248
249 785
785 249
249 1085
1085 249
249 854
854 249
249 846
846 249
250 461
461 250
250 820
820 250
250 317
317 250
250 471
471 250
250 709
709 250
250 737
737 250
251 1051
1051 251
251 608
608 251
251 984
984 251
251 551
551 251
251 1170
1170 251
252 272
272 252
252 873
873 252
252 916
916 252
252 299
299 252
252 721
721 252
253 446
446 253
253 332
332 253
253 538
538 253
254 362
362 254
254 1051
1051 254
254 929
929 254
254 1091
1091 254
254 1170
1170 254
254 834
834 254
255 806
806 255
255 735
735 255
255 310
310 255
255 1163
1163 255
255 582
582 255
255 344
344 255
256 389
389 256
256 298
298 256
256 1043
1043 256
256 306
306 256
257 693
693 257
257 345
345 257
257 366
366 257
257 961
961 257
258 955
955 258
258 760
760 258
258 320
320 258
258 581
581 258
258 870
870 258
259 799
799 259
259 983
983 259
259 674
674 259
259 824
824 259
259 1045
1045 259
259 868
868 259
259 291
291 259
260 605
605 260
260 735
735 260
260 757
757 260
260 391
391 260
260 1102
1102 260
260 432
432 260
261 1004
1004 261
261 569
569 261
261 329
329 261
261 587
587 261
261 1031
1031 261
262 1158
1158 262
262 443
443 262
262 1159
1159 262
263 671
671 263
263 368
368 263
263 621
621 263
263 502
502 263
263 431
431 263
263 749
749 263
263 791
791 263
264 1083
1083 264
264 1041
1041 264
264 1149
1149 264
264 450
450 264
264 816
816 264
264 411
411 264
265 707
707 265
265 457
457 265
265 773
773 265
265 965
965 265
265 412
412 265
266 705
705 266
266 292
292 266
266 415
415 266
266 924
924 266
267 725
725 267
267 844
844 267
267 730
730 267
267 348
348 267
267 735
735 267
267 694
694 267
268 540
540 268
268 276
276 268
268 311
311 268
268 498
498 268
268 797
797 268
269 937
937 269
269 834
834 269
269 950
950 269
270 769
769 270
270 706
706 270
270 474
474 270
270 557
557 270
270 954
954 270
271 1065
1065 271
271 306
306 271
271 752
752 271
271 757
757 271
271 1035
1035 271
272 994
994 272
272 425
425 272
272 873
873 272
272 1028
1028 272
272 331
331 272
273 324
324 273
273 707
707 273
273 770
770 273
273 1140
1140 273
273 808
808 273
274 523
523 274
274 563
563 274
274 674
674 274
274 976
976 274
274 536
536 274
274 449
449 274
275 751
751 275
275 567
567 275
275 608
608 275
275 777
777 275
276 447
447 276
276 1009
1009 276
276 843
843 276
276 797
797 276
277 1008
1008 277
277 521
521 277
277 924
924 277
277 498
498 277
278 413
413 278
278 372
372 278
278 735
735 278
278 373
373 278
279 797
797 279
279 502
502 279
279 636
636 279
279 914
914 279
279 814
814 279
280 729
729 280
280 658
658 280
280 778
778 280
280 956
956 280
281 480
480 281
281 340
340 281
281 804
804 281
281 758
758 281
282 526
526 282
282 372
372 282
282 689
689 282
282 405
405 282
282 692
692 282
283 692
692 283
283 1067
1067 283
283 527
527 283
283 498
498 283
284 348
348 284
284 700
700 284
284 894
894 284
284 1167
1167 284
284 527
527 284
284 985
985 284
285 622
622 285
285 355
355 285
285 943
943 285
285 739
739 285
285 636
636 285
286 883
883 286
286 679
679 286
286 853
853 286
287 467
467 287
287 716
716 287
287 917
917 287
288 944
944 288
288 442
442 288
288 1106
1106 288
288 874
874 288
288 932
932 288
289 764
764 289
289 461
461 289
289 900
900 289
289 750
750 289
290 1140
1140 290
290 296
296 290
290 519
519 290
290 331
331 290
290 855
855 290
290 851
851 290
290 481
481 290
291 1026
1026 291
291 824
824 291
291 1045
1045 291
291 586
586 291
291 868
868 291
291 416
416 291
292 746
746 292
292 324
324 292
292 415
415 292
292 471
471 292
292 599
599 292
293 974
974 293
293 1155
1155 293
293 588
588 293
293 1028
1028 293
293 664
664 293
293 1156
1156 293
293 378
378 293
294 1209
1209 294
294 999
999 294
294 916
916 294
294 631
631 294
294 550
550 294
295 963
963 295
295 882
882 295
295 359
359 295
295 951
951 295
295 771
771 295
295 936
936 295
295 641
641 295
296 346
346 296
296 357
357 296
296 977
977 296
296 808
808 296
296 481
481 296
297 871
871 297
297 606
606 297
297 602
602 297
297 1032
1032 297
297 659
659 297
297 1112
1112 297
297 560
560 297
298 821
821 298
298 389
389 298
298 306
306 298
299 780
780 299
299 852
852 299
299 571
571 299
299 808
808 299
299 1008
1008 299
300 643
643 300
300 591
591 300
300 453
453 300
300 589
589 300
300 983
983 300
300 766
766 300
300 477
477 300
301 794
794 301
301 464
464 301
301 415
415 301
302 1142
1142 302
302 1207
1207 302
302 928
928 302
302 959
959 302
302 403
403 302
302 396
396 302
303 391
391 303
303 625
625 303
303 1207
1207 303
303 558
558 303
303 356
356 303
304 307
307 304
304 985
985 304
304 409
409 304
304 1167
1167 304
304 1123
1123 304
304 312
312 304
305 455
455 305
305 717
717 305
305 687
687 305
305 410
410 305
305 378
378 305
305 454
454 305
305 871
871 305
306 821
821 306
306 833
833 306
306 892
892 306
306 389
389 306
307 694
694 307
307 688
688 307
307 348
348 307
307 1123
1123 307
307 1167
1167 307
307 361
361 307
308 606
606 308
308 632
632 308
308 381
381 308
308 323
323 308
308 850
850 308
308 537
537 308
309 673
673 309
309 332
332 309
309 441
441 309
309 538
538 309
309 616
616 309
310 767
767 310
310 842
842 310
310 522
522 310
310 509
509 310
310 398
398 310
311 358
358 311
311 540
540 311
311 583
583 311
312 826
826 312
312 1123
1123 312
312 843
843 312
312 555
555 312
313 1194
1194 313
313 999
999 313
313 931
931 313
313 789
789 313
314 962
962 314
314 813
813 314
314 454
454 314
314 410
410 314
314 579
579 314
314 539
539 314
315 1189
1189 315
315 353
353 315
315 1169
1169 315
315 714
714 315
315 1125
1125 315
316 898
898 316
316 603
603 316
317 548
548 317
317 471
471 317
317 820
820 317
317 771
771 317
317 709
709 317
317 737
737 317
318 666
666 318
318 1106
1106 318
318 1109
1109 318
318 1072
1072 318
318 579
579 318
319 935
935 319
319 874
874 319
319 910
910 319
320 785
785 320
320 549
549 320
320 825
825 320
320 423
423 320
320 581
581 320
320 870
870 320
321 510
510 321
321 548
548 321
321 716
716 321
321 381
381 321
321 1157
1157 321
322 482
482 322
322 1013
1013 322
322 974
974 322
322 456
456 322
322 600
600 322
323 994
994 323
323 850
850 323
323 462
462 323
323 381
381 323
323 510
510 323
324 707
707 324
324 599
599 324
324 770
770 324
324 684
684 324
325 1134
1134 325
325 1056
1056 325
325 880
880 325
326 894
894 326
326 354
354 326
326 914
914 326
326 866
866 326
327 917
917 327
327 1103
1103 327
327 716
716 327
327 1049
1049 327
327 467
467 327
327 610
610 327
328 748
748 328
328 767
767 328
328 842
842 328
328 1062
1062 328
329 877
877 329
329 872
872 329
329 1015
1015 329
329 569
569 329
330 602
602 330
330 771
771 330
330 921
921 330
330 919
919 330
330 746
746 330
331 994
994 331
331 552
552 331
331 425
425 331
332 616
616 332
333 338
338 333
333 1033
1033 333
333 1097
1097 333
333 1107
1107 333
333 670
670 333
334 1031
1031 334
334 1142
1142 334
334 1058
1058 334
334 683
683 334
334 618
618 334
334 939
939 334
335 1083
1083 335
335 816
816 335
335 600
600 335
335 469
469 335
336 603
603 336
336 882
882 336
336 429
429 336
337 816
816 337
337 699
699 337
337 1041
1041 337
337 667
667 337
338 670
670 338
338 356
356 338
338 1107
1107 338
338 762
762 338
339 762
762 339
339 943
943 339
339 398
398 339
339 622
622 339
339 875
875 339
339 413
413 339
340 438
438 340
341 735
735 341
341 490
490 341
341 675
675 341
341 605
605 341
341 1102
1102 341
341 752
752 341
342 679
679 342
342 962
962 342
342 505
505 342
342 893
893 342
342 813
813 342
342 723
723 342
343 615
615 343
343 945
945 343
343 481
481 343
343 533
533 343
344 639
639 344
344 514
514 344
344 649
649 344
344 905
905 344
344 762
762 344
345 741
741 345
345 729
729 345
345 778
778 345
345 703
703 345
345 956
956 345
345 918
918 345
346 357
357 346
346 808
808 346
346 794
794 346
346 481
481 346
347 810
810 347
347 426
426 347
347 480
480 347
347 1012
1012 347
348 428
428 348
348 844
844 348
348 361
361 348
348 672
672 348
348 694
694 348
349 436
436 349
349 769
769 349
349 1078
1078 349
349 480
480 349
349 960
960 349
349 1203
1203 349
350 841
841 350
350 698
698 350
350 1014
1014 350
350 837
837 350
350 634
634 350
350 952
952 350
351 586
586 351
351 412
412 351
351 457
457 351
351 507
507 351
351 554
554 351
351 811
811 351
352 481
481 352
352 533
533 352
352 1112
1112 352
352 560
560 352
352 945
945 352
353 1189
1189 353
353 605
605 353
353 954
954 353
353 495
495 353
353 1180
1180 353
353 821
821 353
354 475
475 354
354 866
866 354
354 1125
1125 354
355 762
762 355
355 622
622 355
355 943
943 355
355 636
636 355
355 607
607 355
356 675
675 356
356 546
546 356
356 484
484 356
356 762
762 356
357 533
533 357
357 977
977 357
357 481
481 357
357 794
794 357
358 1018
1018 358
358 575
575 358
358 583
583 358
358 722
722 358
358 890
890 358
359 429
429 359
359 1095
1095 359
359 882
882 359
359 1006
1006 359
359 1096
1096 359
360 405
405 360
360 1102
1102 360
360 605
605 360
360 735
735 360
360 730
730 360
361 694
694 361
361 1167
1167 361
361 1123
1123 361
361 688
688 361
362 749
749 362
362 732
732 362
362 516
516 362
362 1091
1091 362
363 390
390 363
363 603
603 363
363 831
831 363
363 1060
1060 363
364 367
367 364
364 394
394 364
364 1049
1049 364
364 1176
1176 364
364 917
917 364
365 720
720 365
365 871
871 365
365 1157
1157 365
365 994
994 365
366 693
693 366
366 703
703 366
366 561
561 366
366 729
729 366
367 831
831 367
368 815
815 368
368 420
420 368
368 749
749 368
368 1002
1002 368
368 377
377 368
368 400
400 368
368 1088
1088 368
369 479
479 369
369 966
966 369
369 805
805 369
369 1086
1086 369
369 652
652 369
369 848
848 369
370 416
416 370
370 983
983 370
370 674
674 370
370 643
643 370
370 1143
1143 370
371 871
871 371
371 798
798 371
371 1032
1032 371
371 783
783 371
372 1029
1029 372
372 689
689 372
372 604
604 372
372 373
373 372
373 665
665 373
373 1029
1029 373
373 844
844 373
373 815
815 373
373 694
694 373
373 604
604 373
374 741
741 374
374 1091
1091 374
374 459
459 374
374 751
751 374
374 732
732 374
374 896
896 374
375 963
963 375
375 779
779 375
375 906
906 375
375 951
951 375
375 1200
1200 375
376 380
380 376
376 970
970 376
376 942
942 376
376 403
403 376
376 928
928 376
377 400
400 377
377 1002
1002 377
377 815
815 377
377 665
665 377
377 1059
1059 377
378 907
907 378
378 765
765 378
378 455
455 378
378 1028
1028 378
379 1161
1161 379
379 1119
1119 379
379 380
380 379
379 970
970 379
379 928
928 379
380 1056
1056 380
380 1048
1048 380
380 928
928 380
380 1119
1119 380
381 717
717 381
381 1157
1157 381
381 462
462 381
381 720
720 381
381 510
510 381
382 749
749 382
382 1088
1088 382
382 607
607 382
382 621
621 382
382 636
636 382
382 791
791 382
383 608
608 383
383 878
878 383
383 517
517 383
383 981
981 383
384 434
434 384
384 686
686 384
384 783
783 384
385 601
601 385
385 924
924 385
385 548
548 385
385 544
544 385
385 999
999 385
385 713
713 385
386 1148
1148 386
386 970
970 386
386 626
626 386
386 740
740 386
386 926
926 386
387 730
730 387
387 735
735 387
387 1102
1102 387
387 752
752 387
387 670
670 387
388 993
993 388
388 507
507 388
388 986
986 388
388 808
808 388
388 619
619 388
389 611
611 389
389 892
892 389
390 756
756 390
390 1060
1060 390
390 936
936 390
391 757
757 391
391 432
432 391
391 490
490 391
391 1102
1102 391
391 1105
1105 391
392 606
606 392
392 776
776 392
393 462
462 393
393 1028
1028 393
393 664
664 393
394 917
917 394
394 610
610 394
394 719
719 394
394 779
779 394
394 831
831 394
395 984
984 395
395 978
978 395
395 713
713 395
395 653
653 395
395 550
550 395
396 403
403 396
396 1207
1207 396
397 1091
1091 397
397 741
741 397
397 814
814 397
397 913
913 397
397 927
927 397
398 649
649 398
398 509
509 398
398 546
546 398
399 1142
1142 399
399 638
638 399
399 423
423 399
399 854
854 399
399 941
941 399
400 815
815 400
400 665
665 400
400 836
836 400
400 1088
1088 400
401 1163
1163 401
401 762
762 401
402 483
483 402
402 599
599 402
402 851
851 402
402 770
770 402
402 920
920 402
402 855
855 402
403 928
928 403
403 970
970 403
403 942
942 403
403 959
959 403
403 1069
1069 403
403 828
828 403
404 585
585 404
404 867
867 404
404 489
489 404
404 945
945 404
405 1080
1080 405
405 821
821 405
405 1107
1107 405
405 526
526 405
405 572
572 405
406 805
805 406
406 910
910 406
406 1106
1106 406
406 848
848 406
406 935
935 406
407 686
686 407
407 764
764 407
408 1150
1150 408
408 895
895 408
408 1197
1197 408
408 1151
1151 408
408 520
520 408
409 869
869 409
409 713
713 409
409 929
929 409
409 1167
1167 409
410 434
434 410
410 606
606 410
410 454
454 410
410 871
871 410
410 717
717 410
411 450
450 411
411 682
682 411
411 1083
1083 411
411 1041
1041 411
411 1149
1149 411
412 457
457 412
412 707
707 412
413 590
590 413
413 943
943 413
413 484
484 413
413 622
622 413
414 1180
1180 414
414 957
957 414
414 428
428 414
414 688
688 414
415 797
797 415
416 1005
1005 416
416 449
449 416
416 868
868 416
416 1045
1045 416
416 853
853 416
416 824
824 416
417 805
805 417
417 848
848 417
417 479
479 417
418 989
989 418
418 1132
1132 418
418 460
460 418
418 580
580 418
418 440
440 418
418 465
465 418
419 815
815 419
419 518
518 419
419 836
836 419
420 622
622 420
420 1088
1088 420
420 484
484 420
421 922
922 421
421 663
663 421
421 602
602 421
421 829
829 421
421 746
746 421
422 860
860 422
422 978
978 422
422 882
882 422
422 435
435 422
423 1174
1174 423
423 564
564 423
423 941
941 423
423 825
825 423
423 638
638 423
424 920
920 424
424 544
544 424
424 540
540 424
424 843
843 424
425 669
669 425
425 994
994 425
425 916
916 425
426 1012
1012 426
426 617
617 426
426 536
536 426
426 810
810 426
426 1143
1143 426
426 480
480 426
426 758
758 426
427 1149
1149 427
427 1019
1019 427
427 813
813 427
427 723
723 427
427 846
846 427
428 694
694 428
428 672
672 428
429 651
651 429
429 860
860 429
429 863
863 429
429 917
917 429
429 882
882 429
429 548
548 429
430 570
570 430
430 1139
1139 430
430 1006
1006 430
431 665
665 431
431 913
913 431
431 642
642 431
431 671
671 431
431 502
502 431
432 1102
1102 432
432 1105
1105 432
432 490
490 432
432 757
757 432
433 645
645 433
433 993
993 433
433 512
512 433
433 766
766 433
433 477
477 433
433 690
690 433
433 453
453 433
434 888
888 434
434 487
487 434
434 812
812 434
434 606
606 434
435 999
999 435
435 882
882 435
435 1047
1047 435
435 742
742 435
435 631
631 435
436 1074
1074 436
436 480
480 436
436 833
833 436
436 1195
1195 436
436 960
960 436
437 1167
1167 437
437 1067
1067 437
437 890
890 437
437 1113
1113 437
437 1034
1034 437
438 657
657 438
438 954
954 438
439 571
571 439
439 529
529 439
440 959
959 440
440 942
942 440
440 970
970 440
440 828
828 440
441 538
538 441
441 575
575 441
441 1080
1080 441
441 673
673 441
441 616
616 441
442 932
932 442
442 666
666 442
442 1106
1106 442
442 711
711 442
443 1169
1169 443
443 1173
1173 443
443 1158
1158 443
443 463
463 443
443 714
714 443
444 1086
1086 444
444 848
848 444
444 966
966 444
444 652
652 444
444 805
805 444
445 1135
1135 445
445 619
619 445
445 472
472 445
445 529
529 445
445 974
974 445
446 782
782 446
446 775
775 446
446 911
911 446
447 954
954 447
447 474
474 447
447 795
795 447
447 780
780 447
448 751
751 448
448 570
570 448
448 1006
1006 448
449 563
563 449
449 591
591 449
449 547
547 449
449 799
799 449
449 829
829 449
449 690
690 449
450 682
682 450
450 966
966 450
450 1149
1149 450
450 1083
1083 450
450 816
816 450
451 568
568 451
451 539
539 451
451 637
637 451
451 530
530 451
451 830
830 451
451 989
989 451
452 668
668 452
452 773
773 452
452 612
612 452
452 533
533 452
452 1104
1104 452
452 940
940 452
453 993
993 453
453 975
975 453
453 766
766 453
454 687
687 454
454 962
962 454
454 871
871 454
454 606
606 454
455 652
652 455
455 765
765 455
455 513
513 455
456 1013
1013 456
456 816
816 456
456 600
600 456
456 1086
1086 456
457 993
993 457
457 1045
1045 457
457 707
707 457
458 557
557 458
458 474
474 458
458 1008
1008 458
458 852
852 458
459 777
777 459
459 849
849 459
459 985
985 459
459 896
896 459
459 1172
1172 459
460 679
679 460
460 893
893 460
460 465
465 460
460 560
560 460
461 750
750 461
461 820
820 461
461 471
471 461
461 900
900 461
462 1187
1187 462
462 728
728 462
462 720
720 462
462 510
510 462
462 1103
1103 462
463 1022
1022 463
463 978
978 463
463 661
661 463
463 1173
1173 463
463 714
714 463
464 977
977 464
464 794
794 464
464 571
571 464
465 936
936 465
465 771
771 465
465 823
823 465
465 845
845 465
465 1132
1132 465
466 514
514 466
466 1107
1107 466
466 841
841 466
467 716
716 467
467 610
610 467
467 917
917 467
467 1049
1049 467
467 921
921 467
467 1157
1157 467
468 790
790 468
468 565
565 468
468 997
997 468
468 479
479 468
468 669
669 468
468 588
588 468
469 816
816 469
469 883
883 469
469 600
600 469
469 1013
1013 469
470 777
777 470
470 1172
1172 470
470 849
849 470
470 653
653 470
471 746
746 471
471 820
820 471
471 709
709 471
471 737
737 471
471 1127
1127 471
472 1110
1110 472
472 721
721 472
472 571
571 472
472 1047
1047 472
473 751
751 473
473 567
567 473
473 608
608 473
473 777
777 473
474 795
795 474
474 954
954 474
474 852
852 474
474 557
557 474
475 527
527 475
475 866
866 475
475 894
894 475
476 955
955 476
476 581
581 476
476 886
886 476
476 870
870 476
476 768
768 476
477 993
993 477
477 766
766 477
478 1124
1124 478
478 1150
1150 478
478 1153
1153 478
478 1136
1136 478
479 720
720 479
479 848
848 479
479 997
997 479
480 654
654 480
480 960
960 480
481 808
808 481
481 794
794 481
482 1110
1110 482
482 1111
1111 482
482 1156
1156 482
482 687
687 482
482 835
835 482
482 754
754 482
482 588
588 482
483 770
770 483
483 737
737 483
483 922
922 483
483 746
746 483
483 537
537 483
483 632
632 483
483 599
599 483
484 1088
1088 484
484 622
622 484
484 634
634 484
485 739
739 485
485 952
952 485
485 522
522 485
485 677
677 485
486 851
851 486
486 623
623 486
486 980
980 486
486 809
809 486
486 855
855 486
486 697
697 486
487 796
796 487
487 812
812 487
488 1088
1088 488
488 636
636 488
488 621
621 488
488 791
791 488
489 987
987 489
489 585
585 489
489 565
565 489
489 524
524 489
490 905
905 490
490 1035
1035 490
490 1102
1102 490
490 1105
1105 490
490 757
757 490
491 915
915 491
491 894
894 491
491 1009
1009 491
491 786
786 491
491 780
780 491
492 1093
1093 492
492 534
534 492
492 649
649 492
492 504
504 492
492 514
514 492
492 639
639 492
493 759
759 493
493 973
973 493
493 748
748 493
493 715
715 493
493 584
584 493
494 994
994 494
494 1110
1110 494
494 669
669 494
494 997
997 494
494 721
721 494
494 1047
1047 494
495 821
821 495
495 960
960 495
495 887
887 495
495 1078
1078 495
496 667
667 496
496 1159
1159 496
496 1169
1169 496
497 1203
1203 497
497 920
920 497
497 1050
1050 497
497 855
855 497
498 826
826 498
498 521
521 498
498 924
924 498
499 672
672 499
499 730
730 499
499 605
605 499
500 939
939 500
500 1058
1058 500
500 638
638 500
500 1174
1174 500
501 717
717 501
501 921
921 501
501 720
720 501
501 835
835 501
502 642
642 502
502 913
913 502
502 671
671 502
503 1163
1163 503
503 930
930 503
503 744
744 503
504 584
584 504
504 534
534 504
504 842
842 504
504 1036
1036 504
504 909
909 504
505 723
723 505
505 679
679 505
505 813
813 505
505 962
962 505
505 949
949 505
506 771
771 506
506 737
737 506
506 851
851 506
506 1032
1032 506
506 641
641 506
507 861
861 507
507 986
986 507
507 619
619 507
507 811
811 507
508 936
936 508
509 842
842 509
509 767
767 509
510 1157
1157 510
510 669
669 510
510 720
720 510
511 733
733 511
511 1053
1053 511
512 563
563 512
512 766
766 512
512 643
643 512
512 617
617 512
512 690
690 512
513 728
728 513
513 1120
1120 513
513 664
664 513
514 865
865 514
514 905
905 514
514 534
534 514
514 639
639 514
514 522
522 514
515 1040
1040 515
515 743
743 515
515 968
968 515
515 756
756 515
515 747
747 515
515 936
936 515
516 751
751 516
516 741
741 516
516 1091
1091 516
517 823
823 517
517 771
771 517
517 981
981 517
518 528
528 518
518 616
616 518
518 1059
1059 518
519 1073
1073 519
519 598
598 519
519 1120
1120 519
519 855
855 519
519 664
664 519
520 525
525 520
520 689
689 520
520 1191
1191 520
520 895
895 520
520 1071
1071 520
520 702
702 520
521 820
820 521
521 924
924 521
521 1060
1060 521
521 729
729 521
521 721
721 521
522 842
842 522
522 534
534 522
523 1021
1021 523
523 647
647 523
523 706
706 523
524 585
585 524
524 565
565 524
525 810
810 525
525 799
799 525
525 829
829 525
525 547
547 525
525 536
536 525
526 604
604 526
526 658
658 526
527 700
700 527
527 894
894 527
527 924
924 527
528 1018
1018 528
528 1074
1074 528
528 611
611 528
528 575
575 528
529 552
552 529
529 721
721 529
529 571
571 529
530 697
697 530
530 668
668 530
530 776
776 530
530 556
556 530
530 934
934 530
531 533
533 531
531 574
574 531
531 919
919 531
531 612
612 531
531 663
663 531
532 608
608 532
532 1060
1060 532
533 560
560 533
533 612
612 533
534 842
842 534
534 546
546 534
535 717
717 535
535 565
565 535
535 687
687 535
535 871
871 535
535 857
857 535
536 881
881 536
536 810
810 536
536 668
668 536
536 976
976 536
537 544
544 537
537 599
599 537
537 632
632 537
537 737
737 537
538 616
616 538
538 801
801 538
539 1001
1001 539
539 933
933 539
540 920
920 540
540 826
826 540
540 887
887 540
540 583
583 540
541 1075
1075 541
541 708
708 541
541 764
764 541
541 798
798 541
542 769
769 542
542 775
775 542
542 787
787 542
543 700
700 543
543 964
964 543
543 826
826 543
543 1009
1009 543
544 599
599 544
544 548
548 544
544 882
882 544
544 920
920 544
544 601
601 544
545 1029
1029 545
545 988
988 545
545 680
680 545
546 762
762 546
546 952
952 546
546 649
649 546
547 983
983 547
547 617
617 547
547 591
591 547
547 799
799 547
548 882
882 548
548 713
713 548
548 651
651 548
548 737
737 548
549 638
638 549
549 1085
1085 549
549 825
825 549
549 785
785 549
550 978
978 550
550 653
653 550
550 999
999 550
550 713
713 550
551 1170
1170 551
551 1051
1051 551
552 997
997 552
553 857
857 553
553 891
891 553
553 612
612 553
553 953
953 553
553 635
635 553
554 923
923 554
555 978
978 555
555 1123
1123 555
555 826
826 555
555 1030
1030 555
556 647
647 556
556 881
881 556
556 770
770 556
556 776
776 556
557 947
947 557
557 657
657 557
557 954
954 557
557 887
887 557
558 594
594 558
558 1207
1207 558
559 586
586 559
560 602
602 560
560 962
962 560
560 790
790 560
560 1112
1112 560
561 897
897 561
561 803
803 561
561 659
659 561
561 647
647 561
561 632
632 561
562 1016
1016 562
562 910
910 562
562 1101
1101 562
562 827
827 562
562 1049
1049 562
563 690
690 563
563 591
591 563
564 825
825 564
564 941
941 564
564 638
638 564
564 1174
1174 564
565 835
835 565
565 871
871 565
565 585
585 565
565 987
987 565
565 754
754 565
566 748
748 566
566 609
609 566
566 715
715 566
566 759
759 566
567 608
608 567
567 1172
1172 567
567 819
819 567
567 777
777 567
567 741
741 567
568 962
962 568
568 934
934 568
568 812
812 568
568 933
933 568
568 813
813 568
569 1015
1015 569
569 872
872 569
570 1051
1051 570
570 661
661 570
570 1006
1006 570
571 721
721 571
572 575
575 572
572 611
611 572
572 821
821 572
572 1080
1080 572
573 681
681 573
573 762
762 573
573 905
905 573
574 771
771 574
574 746
746 574
574 612
612 574
575 1074
1074 575
575 614
614 575
575 1018
1018 575
576 1031
1031 576
576 645
645 576
576 880
880 576
577 835
835 577
577 827
827 577
577 717
717 577
577 687
687 577
577 871
871 577
578 874
874 578
578 1199
1199 578
578 796
796 578
579 666
666 579
579 848
848 579
579 827
827 579
579 1106
1106 579
580 1132
1132 580
581 941
941 581
581 955
955 581
581 870
870 581
582 806
806 582
582 735
735 582
582 918
918 582
583 892
892 583
583 614
614 583
584 748
748 584
584 842
842 584
584 715
715 584
584 1036
1036 584
585 987
987 585
585 871
871 585
586 699
699 586
586 868
868 586
586 1045
1045 586
587 618
618 587
587 1031
1031 587
587 1004
1004 587
588 974
974 588
588 1111
1111 588
588 923
923 588
588 754
754 588
589 983
983 589
589 690
690 589
589 1045
1045 589
589 766
766 589
590 675
675 590
590 627
627 590
591 784
784 591
591 983
983 591
591 617
617 591
591 799
799 591
592 863
863 592
592 860
860 592
592 1157
1157 592
592 1192
1192 592
593 796
796 593
593 874
874 593
594 922
922 594
594 1140
1140 594
594 851
851 594
594 1028
1028 594
594 776
776 594
594 684
684 594
595 764
764 595
595 1007
1007 595
595 697
697 595
595 727
727 595
595 938
938 595
596 847
847 596
596 842
842 596
596 1036
1036 596
597 1053
1053 597
597 733
733 597
597 817
817 597
598 1114
1114 598
598 991
991 598
598 1024
1024 598
599 920
920 599
600 1083
1083 600
600 816
816 600
600 1013
1013 600
601 964
964 601
601 869
869 601
601 826
826 601
601 920
920 601
602 1112
1112 602
602 871
871 602
602 919
919 602
602 857
857 602
602 1032
1032 602
602 612
612 602
603 838
838 603
603 719
719 603
603 917
917 603
603 898
898 603
604 694
694 604
604 658
658 604
604 1029
1029 604
605 1166
1166 605
605 1102
1102 605
605 730
730 605
605 821
821 605
606 659
659 606
606 717
717 606
606 871
871 606
606 1032
1032 606
607 791
791 607
607 621
621 607
607 636
636 607
608 751
751 608
608 849
849 608
608 777
777 608
609 839
839 609
609 630
630 609
609 759
759 609
610 917
917 610
610 1049
1049 610
610 898
898 610
610 716
716 610
611 892
892 611
611 1080
1080 611
612 919
919 612
612 746
746 612
613 676
676 613
613 949
949 613
613 904
904 613
614 1074
1074 614
615 808
808 615
615 619
619 615
615 1098
1098 615
617 690
690 617
617 983
983 617
617 976
976 617
618 939
939 618
618 1182
1182 618
618 683
683 618
618 1031
1031 618
619 808
808 619
620 688
688 620
620 892
892 620
621 791
791 621
621 636
636 621
621 749
749 621
621 948
948 621
622 875
875 622
622 943
943 622
623 1032
1032 623
623 783
783 623
623 980
980 623
623 686
686 623
623 1007
1007 623
624 978
978 624
624 938
938 624
624 727
727 624
624 1170
1170 624
624 731
731 624
625 1202
1202 625
625 1168
1168 625
625 982
982 625
625 1027
1027 625
626 942
942 626
626 970
970 626
626 926
926 626
626 1069
1069 626
627 1102
1102 627
628 874
874 628
628 666
666 628
628 910
910 628
628 1106
1106 628
629 977
977 629
629 1143
1143 629
629 766
766 629
630 840
840 630
630 1048
1048 630
630 839
839 630
630 885
885 630
631 999
999 631
631 994
994 631
631 669
669 631
632 737
737 632
632 1140
1140 632
632 850
850 632
632 734
734 632
632 669
669 632
633 749
749 633
633 988
988 633
634 1088
1088 634
634 952
952 634
635 663
663 635
635 953
953 635
635 883
883 635
635 824
824 635
636 791
791 636
636 948
948 636
637 830
830 637
637 679
679 637
638 825
825 638
638 1174
1174 638
639 1093
1093 639
639 865
865 639
639 649
649 639
640 991
991 640
640 1024
1024 640
640 1032
1032 640
640 1073
1073 640
641 994
994 641
641 771
771 641
641 669
669 641
642 819
819 642
642 671
671 642
642 913
913 642
643 983
983 643
643 1143
1143 643
644 947
947 644
644 990
990 644
645 993
993 645
645 1122
1122 645
645 880
880 645
646 720
720 646
646 997
997 646
646 805
805 646
647 829
829 647
647 1140
1140 647
647 770
770 647
647 922
922 647
648 1199
1199 648
648 1072
1072 648
648 796
796 648
650 899
899 650
650 801
801 650
650 1201
1201 650
650 982
982 650
651 713
713 651
651 882
882 651
651 1170
1170 651
651 978
978 651
652 1086
1086 652
652 848
848 652
652 812
812 652
652 765
765 652
652 720
720 652
653 1172
1172 653
653 849
849 653
655 869
869 655
655 878
878 655
655 704
704 655
655 819
819 655
655 814
814 655
656 1024
1024 656
656 1039
1039 656
656 1010
1010 656
656 789
789 656
656 747
747 656
657 769
769 657
657 887
887 657
658 836
836 658
658 694
694 658
658 1029
1029 658
658 778
778 658
659 669
669 659
659 1112
1112 659
659 1089
1089 659
659 1032
1032 659
660 727
727 660
660 809
809 660
660 984
984 660
661 1051
1051 661
661 984
984 661
661 860
860 661
662 783
783 662
662 933
933 662
662 888
888 662
662 798
798 662
663 746
746 663
663 851
851 663
663 919
919 663
663 829
829 663
664 1156
1156 664
664 1115
1115 664
664 1024
1024 664
664 1118
1118 664
665 1059
1059 665
665 815
815 665
666 848
848 666
666 1109
1109 666
666 904
904 666
666 1106
1106 666
667 1149
1149 667
667 966
966 667
667 816
816 667
667 682
682 667
667 1041
1041 667
668 1104
1104 668
668 810
810 668
668 881
881 668
669 994
994 669
669 907
907 669
670 1088
1088 670
670 675
675 670
670 1107
1107 670
671 672
672 671
671 680
680 671
672 694
694 672
672 730
730 672
672 815
815 672
672 844
844 672
673 1018
1018 673
673 833
833 673
673 1074
1074 673
674 983
983 674
674 824
824 674
675 815
815 675
675 752
752 675
676 792
792 676
676 1106
1106 676
676 807
807 676
676 856
856 676
677 840
840 677
677 841
841 677
677 767
767 677
678 690
690 678
678 758
758 678
679 962
962 679
679 893
893 679
680 1029
1029 680
681 909
909 681
681 757
757 681
681 772
772 681
681 905
905 681
682 816
816 682
682 1086
1086 682
682 1149
1149 682
682 1041
1041 682
682 966
966 682
683 1142
1142 683
683 1182
1182 683
683 1031
1031 683
683 939
939 683
683 712
712 683
684 707
707 684
684 770
770 684
684 734
734 684
684 1028
1028 684
684 1140
1140 684
685 843
843 685
685 1010
1010 685
685 789
789 685
686 764
764 686
686 737
737 686
686 783
783 686
686 771
771 686
687 835
835 687
687 921
921 687
687 717
717 687
687 871
871 687
688 892
892 688
688 694
694 688
688 964
964 688
688 1123
1123 688
689 890
890 689
690 766
766 690
691 726
726 691
691 1209
1209 691
691 1100
1100 691
691 1165
1165 691
691 1077
1077 691
691 1187
1187 691
692 890
890 692
692 884
884 692
692 1067
1067 692
693 793
793 693
693 966
966 693
694 844
844 694
695 884
884 695
695 1163
1163 695
696 1035
1035 696
696 1105
1105 696
696 1037
1037 696
696 1063
1063 696
697 809
809 697
697 727
727 697
697 980
980 697
697 1007
1007 697
698 943
943 698
698 875
875 698
698 952
952 698
699 816
816 699
699 1098
1098 699
700 844
844 700
700 778
778 700
700 761
761 700
701 735
735 701
701 1102
1102 701
702 896
896 702
702 849
849 702
703 831
831 703
703 729
729 703
704 913
913 704
704 741
741 704
704 819
819 704
705 823
823 705
705 1137
1137 705
705 924
924 705
706 960
960 706
706 753
753 706
706 769
769 706
706 967
967 706
706 887
887 706
707 1140
1140 707
707 784
784 707
708 1032
1032 708
708 798
798 708
709 771
771 709
709 737
737 709
709 820
820 709
710 865
865 710
710 905
905 710
710 757
757 710
710 782
782 710
711 1106
1106 711
712 1058
1058 712
712 939
939 712
712 1142
1142 712
712 861
861 712
713 882
882 713
713 978
978 713
713 1170
1170 713
713 819
819 713
714 844
844 714
714 1022
1022 714
714 985
985 714
715 1178
1178 715
715 1036
1036 715
715 1062
1062 715
715 748
748 715
716 1049
1049 716
717 1001
1001 717
717 871
871 717
718 1070
1070 718
718 738
738 718
719 863
863 719
719 831
831 719
719 860
860 719
720 1049
1049 720
720 997
997 720
720 1103
1103 720
721 803
803 721
722 1018
1018 722
722 878
878 722
723 813
813 723
724 1203
1203 724
724 1064
1064 724
724 1017
1017 724
724 1050
1050 724
725 1201
1201 725
725 1113
1113 725
725 1034
1034 725
726 756
756 726
726 733
733 726
726 1100
1100 726
726 1020
1020 726
726 832
832 726
726 968
968 726
726 1209
1209 726
727 809
809 727
727 1007
1007 727
727 938
938 727
728 1039
1039 728
728 1115
1115 728
728 1077
1077 728
728 1187
1187 728
729 1060
1060 729
730 806
806 730
730 1102
1102 730
730 844
844 730
731 1170
1170 731
731 938
938 731
732 751
751 732
732 929
929 732
732 1091
1091 732
733 817
817 733
733 1020
1020 733
733 968
968 733
733 756
756 733
733 995
995 733
733 1053
1053 733
734 770
770 734
734 1140
1140 734
735 815
815 735
735 1102
1102 735
736 1074
1074 736
736 1075
1075 736
737 771
771 737
737 746
746 737
739 1088
1088 739
739 943
943 739
739 952
952 739
740 970
970 740
740 1148
1148 740
740 926
926 740
741 819
819 741
741 1091
1091 741
742 1047
1047 742
743 936
936 743
743 751
751 743
743 756
756 743
743 1022
1022 743
745 1033
1033 745
745 815
815 745
745 1186
1186 745
746 771
771 746
746 891
891 746
747 1027
1027 747
747 1040
1040 747
747 1010
1010 747
747 756
756 747
747 936
936 747
748 767
767 748
748 1062
1062 748
748 973
973 748
749 1091
1091 749
750 929
929 750
750 1170
1170 750
750 900
900 750
751 777
777 751
752 1065
1065 752
753 967
967 753
753 1021
1021 753
754 919
919 754
754 1110
1110 754
754 1111
1111 754
754 835
835 754
755 1002
1002 755
755 1190
1190 755
755 1059
1059 755
756 936
936 756
756 1100
1100 756
757 782
782 757
758 804
804 758
758 960
960 758
759 877
877 759
759 1036
1036 759
759 973
973 759
760 955
955 760
760 870
870 760
760 1090
1090 760
760 785
785 760
761 915
915 761
763 770
770 763
763 843
843 763
764 901
901 764
765 790
790 765
765 987
987 765
765 871
871 765
765 812
812 765
767 973
973 767
767 842
842 767
768 955
955 768
768 870
870 768
768 886
886 768
769 787
787 769
769 887
887 769
770 1140
1140 770
771 820
820 771
772 971
971 772
772 905
905 772
773 855
855 773
773 1140
1140 773
774 997
997 774
774 935
935 774
774 1103
1103 774
775 911
911 775
776 1032
1032 776
777 1172
1172 777
778 1029
1029 778
779 936
936 779
779 917
917 779
779 831
831 779
780 852
852 780
780 954
954 780
780 957
957 780
781 1163
1163 781
781 844
844 781
781 806
806 781
781 862
862 781
782 911
911 782
783 1032
1032 783
784 799
799 784
785 854
854 785
785 1085
1085 785
785 825
825 785
786 1064
1064 786
786 789
789 786
786 1194
1194 786
787 887
887 787
787 947
947 787
787 990
990 787
788 1170
1170 788
788 878
878 788
789 1010
1010 789
789 1203
1203 789
789 1064
1064 789
789 1194
1194 789
790 987
987 790
790 793
793 790
792 1068
1068 792
792 1003
1003 792
792 856
856 792
792 910
910 792
792 807
807 792
793 1001
1001 793
793 987
987 793
793 933
933 793
794 808
808 794
794 1156
1156 794
795 975
975 795
795 852
852 795
796 1106
1106 796
796 1003
1003 796
796 874
874 796
797 924
924 797
797 1009
1009 797
798 888
888 798
798 933
933 798
798 1032
1032 798
799 829
829 799
800 873
873 800
801 899
899 801
801 1037
1037 801
802 1149
1149 802
802 816
816 802
803 852
852 803
803 808
808 803
803 1140
1140 803
804 958
958 804
805 935
935 805
805 1086
1086 805
805 848
848 805
806 844
844 806
806 1163
1163 806
807 1068
1068 807
807 1077
1077 807
807 998
998 807
807 1115
1115 807
807 864
864 807
808 1140
1140 808
809 850
850 809
810 976
976 810
810 983
983 810
810 940
940 810
811 861
861 811
811 986
986 811
813 962
962 813
813 966
966 813
814 869
869 814
814 1018
1018 814
816 1041
1041 816
816 1149
1149 816
816 1083
1083 816
817 1053
1053 817
818 1020
1020 818
818 999
999 818
819 1170
1170 819
819 1022
1022 819
821 1037
1037 821
822 905
905 822
823 924
924 823
823 1060
1060 823
824 1045
1045 824
824 853
853 824
824 868
868 824
825 1085
1085 825
826 1008
1008 826
826 1123
1123 826
826 964
964 826
826 887
887 826
827 1049
1049 827
828 970
970 828
828 1119
1119 828
828 959
959 828
828 1148
1148 828
828 942
942 828
830 1057
1057 830
831 917
917 831
832 1020
1020 832
832 968
968 832
832 1165
1165 832
832 1053
1053 832
833 892
892 833
833 960
960 833
834 1170
1170 834
834 929
929 834
835 921
921 835
836 948
948 836
837 952
952 837
838 950
950 838
838 1139
1139 838
839 840
840 839
839 1119
1119 839
839 885
885 839
840 930
930 840
841 842
842 841
841 952
952 841
842 1062
1062 842
843 920
920 843
843 1008
1008 843
844 1029
1029 844
845 1167
1167 845
845 1123
1123 845
848 1086
1086 848
849 1172
1172 849
850 994
994 850
850 1137
1137 850
851 1140
1140 851
851 922
922 851
851 855
855 851
853 883
883 853
853 953
953 853
853 1005
1005 853
854 1085
1085 854
855 980
980 855
856 864
864 856
856 935
935 856
856 1147
1147 856
857 1112
1112 857
857 871
871 857
858 1027
1027 858
858 900
900 858
858 1202
1202 858
860 984
984 860
860 917
917 860
860 1103
1103 860
860 863
863 860
861 986
986 861
861 941
941 861
862 931
931 862
862 1009
1009 862
863 1103
1103 863
864 1024
1024 864
864 1076
1076 864
864 1039
1039 864
864 1077
1077 864
864 1115
1115 864
865 1065
1065 865
866 999
999 866
866 924
924 866
866 894
894 866
867 977
977 867
868 1045
1045 868
869 927
927 869
869 1092
1092 869
870 955
955 870
871 987
987 871
872 1163
1163 872
872 1015
1015 872
873 1028
1028 873
874 1106
1106 874
874 910
910 874
874 1003
1003 874
875 943
943 875
876 920
920 876
876 887
887 876
877 971
971 877
877 909
909 877
877 1015
1015 877
878 1170
1170 878
879 1058
1058 879
879 923
923 879
879 1098
1098 879
880 1122
1122 880
881 1104
1104 881
882 1170
1170 882
882 978
978 882
883 945
945 883
883 953
953 883
884 1180
1180 884
885 1048
1048 885
885 1119
1119 885
887 964
964 887
889 1111
1111 889
889 1076
1076 889
889 1118
1118 889
889 895
895 889
890 892
892 890
890 1067
1067 890
891 922
922 891
891 1127
1127 891
892 964
964 892
893 962
962 893
894 931
931 894
894 999
999 894
894 924
924 894
895 1118
1118 895
895 1016
1016 895
895 1076
1076 895
895 1071
1071 895
896 1172
1172 896
897 900
900 897
897 1127
1127 897
899 1117
1117 899
899 1201
1201 899
899 1037
1037 899
899 1168
1168 899
901 1032
1032 901
902 914
914 902
903 990
990 903
903 947
947 903
903 1008
1008 903
903 1140
1140 903
904 949
949 904
904 1106
1106 904
907 1028
1028 907
907 1089
1089 907
907 1140
1140 907
908 939
939 908
908 1031
1031 908
908 1182
1182 908
909 1036
1036 909
910 935
935 910
910 1106
1106 910
911 1035
1035 911
912 1035
1035 912
912 946
946 912
912 1015
1015 912
914 985
985 914
915 1123
1123 915
917 1157
1157 917
917 1049
1049 917
918 956
956 918
923 1111
1111 923
923 974
974 923
924 1060
1060 924
925 969
969 925
925 1052
1052 925
926 942
942 926
926 1148
1148 926
926 970
970 926
927 1092
1092 927
928 1161
1161 928
928 959
959 928
928 1119
1119 928
928 970
970 928
929 1170
1170 929
931 999
999 931
932 1106
1106 932
933 962
962 933
933 1001
1001 933
934 1079
1079 934
937 1051
1051 937
939 1031
1031 939
939 1182
1182 939
939 1058
1058 939
940 1104
1104 940
942 970
970 942
942 959
959 942
942 1069
1069 942
942 1148
1148 942
944 1106
1106 944
945 987
987 945
945 1112
1112 945
946 1035
1035 946
947 1008
1008 947
947 990
990 947
948 1029
1029 948
951 984
984 951
951 1051
1051 951
951 963
963 951
953 1005
1005 953
954 957
957 954
957 1180
1180 957
957 1009
1009 957
959 1148
1148 959
959 970
970 959
960 1195
1195 960
961 1090
1090 961
963 984
984 963
964 1123
1123 964
965 1057
1057 965
965 1026
1026 965
966 1149
1149 966
966 1086
1086 966
967 1195
1195 967
969 1070
1070 969
969 1045
1045 969
970 1148
1148 970
972 1020
1020 972
972 996
996 972
972 1209
1209 972
972 1024
1024 972
972 1077
1077 972
972 1039
1039 972
974 1028
1028 974
974 1111
1111 974
974 1013
1013 974
974 1155
1155 974
975 993
993 975
976 983
983 976
978 984
984 978
979 1074
1074 979
980 1007
1007 980
982 1027
1027 982
982 1201
1201 982
982 1050
1050 982
982 1168
1168 982
984 1051
1051 984
985 1172
1172 985
985 1167
1167 985
986 1135
1135 986
988 1172
1172 988
989 1152
1152 989
991 1024
1024 991
991 1115
1115 991
992 1171
1171 992
992 1133
1133 992
992 1146
1146 992
992 1138
1138 992
994 1047
1047 994
995 1209
1209 995
995 1020
1020 995
996 1020
1020 996
996 1039
1039 996
996 1010
1010 996
996 1077
1077 996
996 1209
1209 996
997 1110
1110 997
998 1039
1039 998
998 1187
1187 998
998 1077
1077 998
1002 1088
1088 1002
1003 1199
1199 1003
1004 1174
1174 1004
1004 1142
1142 1004
1004 1182
1182 1004
1005 1026
1026 1005
1006 1051
1051 1006
1009 1123
1123 1009
1010 1209
1209 1010
1011 1154
1154 1011
1011 1054
1054 1011
1014 1208
1208 1014
1016 1111
1111 1016
1017 1117
1117 1017
1017 1203
1203 1017
1017 1064
1064 1017
1019 1041
1041 1019
1020 1053
1053 1020
1020 1165
1165 1020
1020 1209
1209 1020
1021 1127
1127 1021
1024 1073
1073 1024
1024 1115
1115 1024
1024 1039
1039 1024
1024 1077
1077 1024
1026 1057
1057 1026
1026 1038
1038 1026
1027 1168
1168 1027
1027 1094
1094 1027
1027 1040
1040 1027
1028 1140
1140 1028
1028 1156
1156 1028
1030 1123
1123 1030
1033 1186
1186 1033
1033 1183
1183 1033
1034 1082
1082 1034
1034 1167
1167 1034
1034 1113
1113 1034
1036 1178
1178 1036
1037 1063
1063 1037
1038 1114
1114 1038
1038 1073
1073 1038
1039 1187
1187 1039
1039 1077
1077 1039
1039 1115
1115 1039
1040 1050
1050 1040
1041 1149
1149 1041
1042 1127
1127 1042
1044 1178
1178 1044
1045 1098
1098 1045
1046 1063
1063 1046
1046 1201
1201 1046
1046 1113
1113 1046
1046 1180
1180 1046
1047 1060
1060 1047
1047 1110
1110 1047
1050 1131
1131 1050
1051 1170
1170 1051
1054 1200
1200 1054
1056 1134
1134 1056
1058 1135
1135 1058
1061 1175
1175 1061
1061 1186
1186 1061
1061 1113
1113 1061
1063 1144
1144 1063
1064 1114
1114 1064
1064 1203
1203 1064
1064 1194
1194 1064
1066 1204
1204 1066
1066 1094
1094 1066
1068 1187
1187 1068
1069 1148
1148 1069
1072 1199
1199 1072
1076 1156
1156 1076
1076 1118
1118 1076
1077 1165
1165 1077
1077 1187
1187 1077
1077 1209
1209 1077
1081 1185
1185 1081
1082 1201
1201 1082
1083 1149
1149 1083
1087 1104
1104 1087
1089 1112
1112 1089
1094 1168
1168 1094
1094 1202
1202 1094
1094 1204
1204 1094
1095 1108
1108 1095
1095 1096
1096 1095
1096 1108
1108 1096
1100 1209
1209 1100
1100 1165
1165 1100
1103 1192
1192 1103
1110 1111
1111 1110
1111 1156
1156 1111
1113 1180
1180 1113
1113 1167
1167 1113
1114 1203
1203 1114
1114 1194
1194 1114
1116 1172
1172 1116
1117 1203
1203 1117
1118 1156
1156 1118
1119 1148
1148 1119
1124 1128
1128 1124
1124 1205
1205 1124
1124 1138
1138 1124
1124 1133
1133 1124
1124 1171
1171 1124
1124 1136
1136 1124
1128 1171
1171 1128
1128 1133
1133 1128
1128 1205
1205 1128
1128 1136
1136 1128
1129 1171
1171 1129
1129 1141
1141 1129
1129 1146
1146 1129
1129 1164
1164 1129
1129 1130
1130 1129
1130 1206
1206 1130
1130 1145
1145 1130
1130 1198
1198 1130
1130 1177
1177 1130
1130 1188
1188 1130
1130 1164
1164 1130
1131 1209
1209 1131
1133 1205
1205 1133
1133 1171
1171 1133
1133 1138
1138 1133
1136 1205
1205 1136
1136 1153
1153 1136
1136 1150
1150 1136
1138 1171
1171 1138
1138 1205
1205 1138
1138 1146
1146 1138
1141 1150
1150 1141
1141 1146
1146 1141
1142 1182
1182 1142
1145 1152
1152 1145
1145 1177
1177 1145
1145 1179
1179 1145
1145 1184
1184 1145
1145 1206
1206 1145
1145 1198
1198 1145
1145 1188
1188 1145
1146 1150
1150 1146
1147 1187
1187 1147
1150 1153
1153 1150
1151 1171
1171 1151
1152 1188
1188 1152
1152 1206
1206 1152
1152 1179
1179 1152
1152 1198
1198 1152
1152 1184
1184 1152
1159 1169
1169 1159
1160 1167
1167 1160
1162 1186
1186 1162
1162 1185
1185 1162
1164 1206
1206 1164
1164 1184
1184 1164
1164 1198
1198 1164
1164 1188
1188 1164
1165 1209
1209 1165
1165 1187
1187 1165
1168 1202
1202 1168
1171 1205
1205 1171
1173 1209
1209 1173
1176 1192
1192 1176
1177 1205
1205 1177
1177 1179
1179 1177
1177 1184
1184 1177
1177 1188
1188 1177
1177 1206
1206 1177
1177 1198
1198 1177
1179 1188
1188 1179
1179 1206
1206 1179
1179 1184
1184 1179
1179 1198
1198 1179
1184 1188
1188 1184
1184 1206
1206 1184
1184 1198
1198 1184
1185 1186
1186 1185
1187 1209
1209 1187
1188 1206
1206 1188
1188 1198
1198 1188
1194 1203
1203 1194
1198 1206
1206 1198
