0 187
187 0
0 580
580 0
0 1017
1017 0
0 943
943 0
0 208
208 0
0 808
808 0
1 703
703 1
1 576
576 1
1 387
387 1
1 355
355 1
1 641
641 1
1 365
365 1
2 38
38 2
2 585
585 2
2 417
417 2
2 537
537 2
2 218
218 2
2 587
587 2
3 366
366 3
3 396
396 3
3 1039
1039 3
3 226
226 3
3 391
391 3
3 415
415 3
4 317
317 4
4 226
226 4
4 122
122 4
4 366
366 4
4 391
391 4
4 840
840 4
5 839
839 5
5 736
736 5
5 262
262 5
5 1045
1045 5
5 65
65 5
5 571
571 5
6 544
544 6
6 495
495 6
6 538
538 6
6 461
461 6
6 389
389 6
6 909
909 6
7 406
406 7
7 345
345 7
7 298
298 7
7 877
877 7
7 262
262 7
7 311
311 7
8 554
554 8
8 605
605 8
8 791
791 8
8 652
652 8
8 359
359 8
8 792
792 8
9 668
668 9
9 688
688 9
9 1076
1076 9
9 197
197 9
9 476
476 9
9 412
412 9
10 124
124 10
10 220
220 10
10 795
795 10
10 114
114 10
10 956
956 10
10 1321
1321 10
11 600
600 11
11 343
343 11
11 824
824 11
11 182
182 11
11 325
325 11
11 334
334 11
12 233
233 12
12 72
72 12
12 439
439 12
12 1130
1130 12
12 419
419 12
12 378
378 12
13 1156
1156 13
13 1131
1131 13
13 1245
1245 13
13 1242
1242 13
13 1160
1160 13
13 1185
1185 13
14 1087
1087 14
14 789
789 14
14 217
217 14
14 659
659 14
14 246
246 14
14 828
828 14
15 952
952 15
15 775
775 15
15 1282
1282 15
15 404
404 15
15 223
223 15
15 273
273 15
16 580
580 16
16 1188
1188 16
16 937
937 16
16 1017
1017 16
16 50
50 16
16 1008
1008 16
17 37
37 17
17 702
702 17
17 1307
1307 17
17 141
141 17
17 638
638 17
17 601
601 17
18 35
35 18
18 192
192 18
18 88
88 18
18 161
161 18
18 1126
1126 18
18 901
901 18
19 1151
1151 19
19 249
249 19
19 1212
1212 19
19 73
73 19
19 527
527 19
19 859
859 19
20 786
786 20
20 98
98 20
20 940
940 20
20 458
458 20
20 1174
1174 20
20 899
899 20
21 259
259 21
21 939
939 21
21 905
905 21
21 62
62 21
21 252
252 21
21 830
830 21
22 781
781 22
22 473
473 22
22 492
492 22
22 1029
1029 22
22 367
367 22
22 394
394 22
23 77
77 23
23 598
598 23
23 565
565 23
23 1098
1098 23
23 306
306 23
23 893
893 23
24 740
740 24
24 783
783 24
24 143
143 24
24 282
282 24
24 383
383 24
24 225
225 24
25 131
131 25
25 577
577 25
25 1190
1190 25
25 363
363 25
25 639
639 25
25 1167
1167 25
26 1188
1188 26
26 780
780 26
26 472
472 26
26 253
253 26
26 458
458 26
26 159
159 26
27 268
268 27
27 860
860 27
27 797
797 27
27 707
707 27
27 544
544 27
27 575
575 27
28 128
128 28
28 1038
1038 28
28 764
764 28
28 271
271 28
28 671
671 28
28 811
811 28
29 1133
1133 29
29 1132
1132 29
29 1139
1139 29
29 1193
1193 29
29 1124
1124 29
29 1312
1312 29
30 250
250 30
30 872
872 30
30 743
743 30
30 668
668 30
30 606
606 30
30 641
641 30
31 392
392 31
31 296
296 31
31 421
421 31
31 700
700 31
31 64
64 31
31 477
477 31
32 863
863 32
32 104
104 32
32 297
297 32
32 1335
1335 32
32 413
413 32
32 801
801 32
33 150
150 33
33 700
700 33
33 337
337 33
33 988
988 33
33 460
460 33
34 187
187 34
34 502
502 34
34 233
233 34
34 50
50 34
34 74
74 34
35 858
858 35
35 1057
1057 35
35 646
646 35
35 374
374 35
35 1021
1021 35
35 161
161 35
36 707
707 36
36 1103
1103 36
36 1008
1008 36
36 268
268 36
36 958
958 36
36 1017
1017 36
37 300
300 37
37 518
518 37
37 141
141 37
37 280
280 37
37 110
110 37
37 103
103 37
38 328
328 38
38 319
319 38
38 239
239 38
38 218
218 38
38 587
587 38
39 1226
1226 39
39 100
100 39
39 1316
1316 39
39 1191
1191 39
39 55
55 39
39 951
951 39
40 1128
1128 40
40 1312
1312 40
40 1093
1093 40
40 100
100 40
40 69
69 40
40 453
453 40
41 106
106 41
41 1051
1051 41
41 976
976 41
41 355
355 41
41 703
703 41
41 53
53 41
42 468
468 42
42 620
620 42
42 998
998 42
42 787
787 42
42 752
752 42
42 636
636 42
43 1119
1119 43
43 1019
1019 43
43 1072
1072 43
43 562
562 43
43 1152
1152 43
43 691
691 43
44 345
345 44
44 73
73 44
44 757
757 44
44 427
427 44
44 1030
1030 44
44 514
514 44
45 1290
1290 45
45 1068
1068 45
45 954
954 45
45 692
692 45
45 704
704 45
45 720
720 45
46 1238
1238 46
46 1168
1168 46
46 979
979 46
46 679
679 46
46 523
523 46
46 341
341 46
47 51
51 47
47 296
296 47
47 56
56 47
47 67
67 47
47 215
215 47
47 392
392 47
48 608
608 48
48 168
168 48
48 1013
1013 48
48 967
967 48
48 850
850 48
48 786
786 48
49 820
820 49
49 210
210 49
49 944
944 49
49 611
611 49
49 527
527 49
49 364
364 49
50 889
889 50
50 74
74 50
50 940
940 50
50 490
490 50
51 56
56 51
51 781
781 51
51 239
239 51
51 421
421 51
51 455
455 51
52 398
398 52
52 583
583 52
52 105
105 52
52 194
194 52
52 789
789 52
52 547
547 52
53 65
65 53
53 365
365 53
53 641
641 53
53 437
437 53
53 58
58 53
53 967
967 53
54 144
144 54
54 873
873 54
54 255
255 54
54 785
785 54
54 141
141 54
54 768
768 54
55 1201
1201 55
55 1159
1159 55
55 1191
1191 55
55 951
951 55
55 1316
1316 55
56 455
455 56
56 377
377 56
56 215
215 56
56 328
328 56
56 239
239 56
57 297
297 57
57 712
712 57
57 1194
1194 57
57 833
833 57
57 331
331 57
57 496
496 57
58 373
373 58
58 641
641 58
58 335
335 58
58 952
952 58
58 743
743 58
59 1300
1300 59
59 462
462 59
59 301
301 59
59 513
513 59
59 436
436 59
59 550
550 59
60 1086
1086 60
60 641
641 60
60 553
553 60
60 606
606 60
60 250
250 60
61 1107
1107 61
61 410
410 61
61 916
916 61
61 968
968 61
61 872
872 61
61 976
976 61
62 83
83 62
62 567
567 62
62 966
966 62
62 338
338 62
62 665
665 62
63 450
450 63
63 1109
1109 63
63 108
108 63
63 679
679 63
63 1023
1023 63
63 979
979 63
64 700
700 64
64 387
387 64
64 703
703 64
64 75
75 64
64 421
421 64
65 262
262 65
65 896
896 65
65 427
427 65
65 736
736 65
65 839
839 65
66 147
147 66
66 310
310 66
66 143
143 66
66 167
167 66
66 372
372 66
66 953
953 66
67 455
455 67
67 644
644 67
67 392
392 67
67 215
215 67
67 1034
1034 67
68 1008
1008 68
68 1017
1017 68
68 303
303 68
68 825
825 68
68 97
97 68
69 1139
1139 69
69 100
100 69
69 453
453 69
69 1312
1312 69
69 1093
1093 69
70 734
734 70
70 432
432 70
70 262
262 70
70 514
514 70
70 298
298 70
71 498
498 71
71 534
534 71
71 925
925 71
71 232
232 71
71 322
322 71
71 776
776 71
72 439
439 72
72 187
187 72
72 119
119 72
72 900
900 72
72 419
419 72
73 249
249 73
73 1151
1151 73
73 859
859 73
73 262
262 73
73 345
345 73
74 187
187 74
74 621
621 74
74 233
233 74
75 1301
1301 75
75 469
469 75
75 658
658 75
75 775
775 75
75 404
404 75
76 92
92 76
76 1004
1004 76
76 706
706 76
76 97
97 76
76 621
621 76
76 1298
1298 76
77 893
893 77
77 92
92 77
77 565
565 77
77 464
464 77
77 306
306 77
77 1098
1098 77
78 1252
1252 78
78 497
497 78
78 227
227 78
78 217
217 78
78 545
545 78
78 659
659 78
79 636
636 79
79 1309
1309 79
79 962
962 79
79 436
436 79
79 787
787 79
79 998
998 79
80 571
571 80
80 877
877 80
80 693
693 80
80 438
438 80
80 1074
1074 80
80 420
420 80
81 215
215 81
81 455
455 81
81 377
377 81
81 392
392 81
81 368
368 81
81 403
403 81
82 371
371 82
82 339
339 82
82 362
362 82
82 364
364 82
82 442
442 82
82 756
756 82
83 918
918 83
83 317
317 83
83 338
338 83
83 398
398 83
83 137
137 83
83 567
567 83
84 243
243 84
84 1047
1047 84
84 557
557 84
84 806
806 84
84 721
721 84
84 478
478 84
85 799
799 85
85 270
270 85
85 1059
1059 85
85 205
205 85
85 343
343 85
86 683
683 86
86 629
629 86
86 1011
1011 86
86 1006
1006 86
86 184
184 86
86 763
763 86
87 932
932 87
87 1180
1180 87
87 190
190 87
87 104
104 87
87 838
838 87
87 930
930 87
88 1057
1057 88
88 508
508 88
88 161
161 88
88 901
901 88
89 873
873 89
89 718
718 89
89 578
578 89
89 177
177 89
89 304
304 89
89 745
745 89
90 183
183 90
90 160
160 90
90 701
701 90
90 516
516 90
90 293
293 90
90 852
852 90
91 525
525 91
91 143
143 91
91 878
878 91
91 383
383 91
91 908
908 91
91 619
619 91
92 112
112 92
92 1004
1004 92
92 823
823 92
92 1298
1298 92
92 309
309 92
93 521
521 93
93 499
499 93
93 738
738 93
93 257
257 93
93 770
770 93
94 993
993 94
94 682
682 94
94 542
542 94
94 712
712 94
94 1251
1251 94
95 586
586 95
95 593
593 95
95 735
735 95
95 739
739 95
95 344
344 95
95 590
590 95
96 519
519 96
96 1249
1249 96
96 1153
1153 96
96 517
517 96
96 370
370 96
96 1135
1135 96
97 621
621 97
97 447
447 97
97 1017
1017 97
97 1298
1298 97
98 490
490 98
98 1192
1192 98
98 1174
1174 98
98 854
854 98
98 855
855 98
98 940
940 98
99 622
622 99
99 1302
1302 99
99 716
716 99
99 352
352 99
99 287
287 99
99 418
418 99
100 1159
1159 100
100 951
951 100
100 1093
1093 100
100 1191
1191 100
101 904
904 101
101 1269
1269 101
101 218
218 101
101 924
924 101
101 1327
1327 101
101 471
471 101
102 1301
1301 102
102 386
386 102
102 1056
1056 102
102 520
520 102
102 988
988 102
102 726
726 102
103 253
253 103
103 423
423 103
103 571
571 103
103 110
110 103
103 300
300 103
104 682
682 104
104 207
207 104
104 801
801 104
104 1251
1251 104
104 1335
1335 104
105 851
851 105
105 259
259 105
105 583
583 105
105 1077
1077 105
105 255
255 105
105 674
674 105
106 529
529 106
106 1227
1227 106
106 1051
1051 106
106 852
852 106
106 183
183 106
107 515
515 107
107 710
710 107
107 456
456 107
107 472
472 107
107 277
277 107
107 547
547 107
108 287
287 108
108 352
352 108
108 361
361 108
108 1302
1302 108
108 657
657 108
108 450
450 108
109 906
906 109
109 321
321 109
109 153
153 109
109 626
626 109
109 623
623 109
109 172
172 109
110 571
571 110
110 884
884 110
110 481
481 110
111 1206
1206 111
111 943
943 111
111 405
405 111
111 878
878 111
111 908
908 111
112 482
482 112
112 449
449 112
112 1099
1099 112
112 341
341 112
112 809
809 112
112 523
523 112
113 364
364 113
113 1017
1017 113
113 544
544 113
113 540
540 113
113 959
959 113
113 145
145 113
114 795
795 114
114 819
819 114
114 171
171 114
114 956
956 114
114 124
124 114
115 803
803 115
115 342
342 115
115 725
725 115
115 708
708 115
115 961
961 115
115 254
254 115
116 748
748 116
116 176
176 116
116 1065
1065 116
116 347
347 116
116 240
240 116
117 1086
1086 117
117 476
476 117
117 412
412 117
117 1012
1012 117
117 889
889 117
117 490
490 117
118 688
688 118
118 376
376 118
118 743
743 118
118 395
395 118
118 804
804 118
118 206
206 118
119 715
715 119
119 419
419 119
119 762
762 119
119 318
318 119
119 900
900 119
120 617
617 120
120 200
200 120
120 546
546 120
120 413
413 120
120 863
863 120
121 513
513 121
121 857
857 121
121 683
683 121
121 1006
1006 121
121 582
582 121
121 1262
1262 121
122 840
840 122
122 880
880 122
122 391
391 122
122 921
921 122
123 976
976 123
123 851
851 123
123 774
774 123
123 130
130 123
124 382
382 124
124 1025
1025 124
124 956
956 124
124 795
795 124
124 813
813 124
124 148
148 124
125 126
126 125
125 867
867 125
125 245
245 125
125 422
422 125
125 165
165 125
125 1310
1310 125
126 766
766 126
126 1255
1255 126
126 616
616 126
126 867
867 126
126 835
835 126
126 758
758 126
127 253
253 127
127 937
937 127
127 439
439 127
127 318
318 127
128 679
679 128
128 649
649 128
128 986
986 128
128 906
906 128
128 811
811 128
128 579
579 128
129 222
222 129
129 733
733 129
129 599
599 129
129 336
336 129
129 443
443 129
129 765
765 129
130 497
497 130
130 401
401 130
130 851
851 130
131 359
359 131
131 605
605 131
131 1190
1190 131
131 577
577 131
131 1247
1247 131
132 824
824 132
132 466
466 132
132 1021
1021 132
132 1057
1057 132
133 772
772 133
133 356
356 133
133 582
582 133
133 1262
1262 133
133 199
199 133
133 914
914 133
134 370
370 134
134 681
681 134
134 519
519 134
134 240
240 134
135 243
243 135
135 721
721 135
135 738
738 135
135 992
992 135
135 267
267 135
135 426
426 135
136 362
362 136
136 780
780 136
136 627
627 136
136 208
208 136
136 544
544 136
137 317
317 137
137 574
574 137
137 918
918 137
137 567
567 137
137 398
398 137
138 298
298 138
138 659
659 138
138 749
749 138
138 789
789 138
138 432
432 138
139 264
264 139
139 503
503 139
139 529
529 139
139 879
879 139
139 701
701 139
139 1173
1173 139
140 269
269 140
140 360
360 140
140 802
802 140
140 553
553 140
140 916
916 140
140 885
885 140
141 147
147 141
141 735
735 141
141 655
655 141
141 1307
1307 141
141 873
873 141
142 1006
1006 142
142 1291
1291 142
142 560
560 142
142 1055
1055 142
142 289
289 142
142 251
251 142
143 167
167 143
143 525
525 143
143 619
619 143
143 383
383 143
144 1307
1307 144
144 735
735 144
144 785
785 144
144 873
873 144
145 461
461 145
145 958
958 145
145 544
544 145
145 959
959 145
145 909
909 145
146 1110
1110 146
146 807
807 146
146 1025
1025 146
146 737
737 146
146 175
175 146
147 843
843 147
147 578
578 147
147 873
873 147
147 735
735 147
147 655
655 147
148 468
468 148
148 1262
1262 148
148 436
436 148
148 795
795 148
148 787
787 148
149 547
547 149
149 1077
1077 149
149 856
856 149
149 851
851 149
149 586
586 149
149 746
746 149
150 1112
1112 150
150 592
592 150
150 626
626 150
150 741
741 150
150 668
668 150
151 527
527 151
151 879
879 151
151 504
504 151
151 278
278 151
151 214
214 151
151 221
221 151
152 462
462 152
152 582
582 152
152 315
315 152
152 766
766 152
152 1300
1300 152
152 356
356 152
153 899
899 153
153 940
940 153
153 623
623 153
154 547
547 154
154 532
532 154
154 789
789 154
154 964
964 154
155 275
275 155
155 891
891 155
155 880
880 155
155 816
816 155
155 921
921 155
156 766
766 156
156 651
651 156
156 1255
1255 156
156 758
758 156
156 1154
1154 156
156 867
867 156
157 680
680 157
157 871
871 157
157 860
860 157
157 728
728 157
157 295
295 157
158 910
910 158
158 1005
1005 158
158 326
326 158
158 963
963 158
158 399
399 158
158 1042
1042 158
159 385
385 159
159 699
699 159
159 884
884 159
159 431
431 159
159 472
472 159
160 644
644 160
160 293
293 160
160 852
852 160
160 183
183 160
160 205
205 160
161 1057
1057 161
161 508
508 161
161 901
901 161
162 1151
1151 162
162 850
850 162
162 936
936 162
162 967
967 162
162 168
168 162
162 859
859 162
163 354
354 163
163 772
772 163
163 766
766 163
163 454
454 163
163 356
356 163
164 760
760 164
164 339
339 164
164 1052
1052 164
164 559
559 164
164 812
812 164
164 533
533 164
165 245
245 165
165 1310
1310 165
165 678
678 165
165 276
276 165
165 422
422 165
166 197
197 166
166 611
611 166
166 348
348 166
166 210
210 166
166 640
640 166
167 843
843 167
167 310
310 167
167 242
242 167
167 894
894 167
168 859
859 168
168 936
936 168
168 896
896 168
168 967
967 168
169 388
388 169
169 340
340 169
169 961
961 169
169 314
314 169
169 1259
1259 169
169 1266
1266 169
170 988
988 170
170 224
224 170
170 1056
1056 170
170 286
286 170
170 726
726 170
170 1301
1301 170
171 220
220 171
171 208
208 171
171 1308
1308 171
171 1105
1105 171
172 321
321 172
172 671
671 172
172 764
764 172
172 623
623 172
173 712
712 173
173 496
496 173
173 331
331 173
173 846
846 173
174 791
791 174
174 211
211 174
174 1011
1011 174
174 893
893 174
174 551
551 174
174 1203
1203 174
175 1025
1025 175
175 565
565 175
175 737
737 175
175 1110
1110 175
176 371
371 176
176 640
640 176
176 450
450 176
176 209
209 176
176 696
696 176
176 748
748 176
177 1147
1147 177
177 525
525 177
177 601
601 177
177 745
745 177
177 638
638 177
178 401
401 178
178 746
746 178
178 259
259 178
178 851
851 178
179 843
843 179
179 369
369 179
179 578
578 179
179 226
226 179
179 1039
1039 179
179 457
457 179
180 622
622 180
180 658
658 180
180 657
657 180
180 661
661 180
180 716
716 180
181 1083
1083 181
181 662
662 181
181 332
332 181
181 724
724 181
181 353
353 181
181 1044
1044 181
182 963
963 182
182 316
316 182
182 600
600 182
182 325
325 182
182 972
972 182
183 293
293 183
183 205
205 183
183 625
625 183
183 852
852 183
183 644
644 183
184 758
758 184
184 763
763 184
184 1006
1006 184
184 1011
1011 184
185 667
667 185
185 289
289 185
185 560
560 185
185 251
251 185
185 1055
1055 185
185 627
627 185
186 495
495 186
186 630
630 186
186 380
380 186
186 443
443 186
186 353
353 186
186 332
332 186
187 621
621 187
187 419
419 187
187 900
900 187
187 580
580 187
187 808
808 187
188 213
213 188
188 375
375 188
188 825
825 188
188 1334
1334 188
189 747
747 189
189 446
446 189
189 864
864 189
189 220
220 189
189 755
755 189
190 993
993 190
190 838
838 190
190 1270
1270 190
190 723
723 190
190 1097
1097 190
191 359
359 191
191 336
336 191
191 765
765 191
191 599
599 191
191 597
597 191
192 554
554 192
192 681
681 192
192 1091
1091 192
192 901
901 192
192 1126
1126 192
193 587
587 193
193 612
612 193
193 512
512 193
193 722
722 193
193 545
545 193
194 333
333 194
194 285
285 194
194 911
911 194
194 547
547 194
194 583
583 194
195 756
756 195
195 759
759 195
195 284
284 195
195 442
442 195
195 1220
1220 195
195 936
936 195
196 317
317 196
196 578
578 196
196 285
285 196
196 918
918 196
196 602
602 196
196 226
226 196
197 804
804 197
197 688
688 197
197 348
348 197
197 412
412 197
198 1290
1290 198
198 1339
1339 198
198 633
633 198
198 1234
1234 198
198 990
990 198
198 698
698 198
199 582
582 199
199 1262
1262 199
199 444
444 199
199 914
914 199
199 596
596 199
200 248
248 200
200 413
413 200
200 316
316 200
200 801
801 200
200 617
617 200
200 483
483 200
201 379
379 201
201 1251
1251 201
201 1281
1281 201
201 413
413 201
201 863
863 201
201 408
408 201
202 203
203 202
202 415
415 202
202 462
462 202
202 1155
1155 202
202 772
772 202
203 1049
1049 203
203 1050
1050 203
203 772
772 203
203 1060
1060 203
203 550
550 203
204 657
657 204
204 234
234 204
204 642
642 204
204 254
254 204
204 459
459 204
204 658
658 204
205 347
347 205
205 325
325 205
205 343
343 205
205 852
852 205
206 759
759 206
206 850
850 206
206 608
608 206
206 437
437 206
207 248
248 207
207 833
833 207
207 1251
1251 207
207 801
801 207
207 932
932 207
208 580
580 208
208 780
780 208
208 1017
1017 208
208 808
808 208
208 1308
1308 208
209 491
491 209
209 820
820 209
209 640
640 209
209 348
348 209
210 611
611 210
210 1227
1227 210
210 527
527 210
210 713
713 210
211 380
380 211
211 630
630 211
211 629
629 211
211 1011
1011 211
211 551
551 211
212 484
484 212
212 756
756 212
212 684
684 212
212 339
339 212
212 464
464 212
213 544
544 213
213 825
825 213
213 362
362 213
213 278
278 213
213 820
820 213
214 1227
1227 214
214 221
221 214
214 347
347 214
214 852
852 214
214 504
504 214
215 919
919 215
215 1034
1034 215
215 368
368 215
215 377
377 215
216 733
733 216
216 647
647 216
216 563
563 216
216 389
389 216
217 497
497 217
217 789
789 217
217 659
659 217
218 548
548 218
218 1252
1252 218
218 417
417 218
218 328
328 218
218 587
587 218
219 656
656 219
219 550
550 219
219 441
441 219
219 1060
1060 219
219 428
428 219
219 349
349 219
220 354
354 220
220 755
755 220
220 446
446 220
221 1227
1227 221
221 879
879 221
221 278
278 221
221 527
527 221
222 236
236 222
222 1091
1091 222
222 336
336 222
222 507
507 222
222 380
380 222
222 1223
1223 222
223 897
897 223
223 952
952 223
223 688
688 223
223 775
775 223
223 273
273 223
224 658
658 224
224 1042
1042 224
224 1301
1301 224
224 642
642 224
224 1282
1282 224
225 564
564 225
225 619
619 225
225 525
525 225
225 383
383 225
226 578
578 226
226 843
843 226
226 1039
1039 226
227 414
414 227
227 701
701 227
227 497
497 227
227 545
545 227
227 486
486 227
228 604
604 228
228 1163
1163 228
228 1335
1335 228
228 731
731 228
229 721
721 229
229 738
738 229
229 971
971 229
229 408
408 229
229 869
869 229
230 714
714 230
230 601
601 230
230 313
313 230
230 280
280 230
230 894
894 230
231 887
887 231
231 482
482 231
231 1015
1015 231
231 855
855 231
231 715
715 231
231 1174
1174 231
232 1255
1255 232
232 498
498 232
232 301
301 232
232 534
534 232
232 925
925 232
233 621
621 233
234 910
910 234
234 326
326 234
234 642
642 234
234 459
459 234
234 254
254 234
234 1293
1293 234
235 907
907 235
235 598
598 235
235 890
890 235
235 902
902 235
235 584
584 235
235 305
305 235
236 1091
1091 236
236 380
380 236
236 648
648 236
236 507
507 236
236 1223
1223 236
237 506
506 237
237 1238
1238 237
237 809
809 237
237 425
425 237
237 502
502 237
237 449
449 237
238 449
449 238
238 809
809 238
238 451
451 238
238 847
847 238
238 979
979 238
239 455
455 239
239 587
587 239
239 377
377 239
239 328
328 239
240 681
681 240
240 909
909 240
240 364
364 240
241 910
910 241
241 286
286 241
241 488
488 241
241 1000
1000 241
242 894
894 242
242 310
310 242
242 843
843 242
242 372
372 242
243 1138
1138 243
243 465
465 243
243 426
426 243
243 609
609 243
243 721
721 243
244 332
332 244
244 1111
1111 244
244 353
353 244
244 920
920 244
245 867
867 245
245 1255
1255 245
245 1310
1310 245
245 393
393 245
245 1154
1154 245
246 673
673 246
246 856
856 246
246 828
828 246
246 926
926 246
247 426
426 247
247 421
421 247
247 609
609 247
247 455
455 247
247 1056
1056 247
248 1251
1251 248
248 617
617 248
248 478
478 248
248 801
801 248
249 937
937 249
249 253
253 249
249 859
859 249
249 1151
1151 249
250 641
641 250
250 553
553 250
250 423
423 250
250 1045
1045 250
250 1086
1086 250
250 606
606 250
251 629
629 251
251 946
946 251
251 1291
1291 251
251 560
560 251
251 1006
1006 251
252 814
814 252
252 255
255 252
252 830
830 252
252 734
734 252
252 259
259 252
253 481
481 253
253 518
518 253
253 937
937 253
254 326
326 254
254 459
459 254
254 725
725 254
254 708
708 254
255 547
547 255
255 734
734 255
255 768
768 255
255 594
594 255
255 259
259 255
256 672
672 256
256 944
944 256
256 1195
1195 256
256 958
958 256
256 611
611 256
256 945
945 256
257 716
716 257
257 286
286 257
257 1138
1138 257
257 499
499 257
257 738
738 257
257 426
426 257
258 854
854 258
258 762
762 258
258 783
783 258
258 900
900 258
259 905
905 259
259 830
830 259
259 734
734 259
259 1074
1074 259
260 357
357 260
260 935
935 260
260 659
659 260
260 486
486 260
261 762
762 261
261 940
940 261
261 490
490 261
261 854
854 261
262 1045
1045 262
262 571
571 262
262 877
877 262
262 345
345 262
262 736
736 262
263 702
702 263
263 699
699 263
263 593
593 263
263 472
472 263
263 860
860 263
264 1070
1070 264
264 325
325 264
264 529
529 264
264 293
293 264
264 1107
1107 264
264 504
504 264
265 814
814 265
265 945
945 265
265 299
299 265
265 929
929 265
265 680
680 265
265 653
653 265
266 623
623 266
266 533
533 266
266 915
915 266
266 1083
1083 266
267 738
738 267
267 426
426 267
267 677
677 267
267 992
992 267
268 543
543 268
268 378
378 268
268 1063
1063 268
268 303
303 268
268 808
808 268
269 553
553 269
269 365
365 269
269 355
355 269
269 345
345 269
269 320
320 269
270 450
450 270
270 1042
1042 270
270 796
796 270
270 1059
1059 270
270 1005
1005 270
271 649
649 271
271 811
811 271
271 1109
1109 271
271 679
679 271
271 451
451 271
272 672
672 272
272 944
944 272
272 872
872 272
272 1195
1195 272
273 688
688 273
273 952
952 273
273 775
775 273
273 335
335 273
274 607
607 274
274 816
816 274
274 440
440 274
274 675
675 274
274 903
903 274
274 853
853 274
275 921
921 275
275 1291
1291 275
275 880
880 275
275 391
391 275
275 558
558 275
276 1310
1310 276
276 678
678 276
276 598
598 276
276 422
422 276
277 401
401 277
277 456
456 277
277 714
714 277
277 547
547 277
277 785
785 277
277 810
810 277
278 527
527 278
278 627
627 278
278 879
879 278
279 1087
1087 279
279 1002
1002 279
279 842
842 279
279 607
607 279
279 637
637 279
279 784
784 279
280 714
714 280
280 311
311 280
280 300
300 280
281 369
369 281
281 550
550 281
281 894
894 281
281 310
310 281
281 1236
1236 281
281 313
313 281
282 383
383 282
282 619
619 282
282 439
439 282
283 550
550 283
283 656
656 283
283 1236
1236 283
283 480
480 283
284 967
967 284
284 859
859 284
284 887
887 284
284 1220
1220 284
284 288
288 284
284 936
936 284
285 816
816 285
285 586
586 285
285 989
989 285
285 918
918 285
285 574
574 285
286 625
625 286
286 1056
1056 286
286 589
589 286
286 988
988 286
286 1301
1301 286
287 352
352 287
287 591
591 287
287 716
716 287
287 1302
1302 287
287 970
970 287
288 1220
1220 288
288 967
967 288
288 936
936 288
289 832
832 289
289 632
632 289
289 1134
1134 289
289 397
397 289
289 1055
1055 289
290 530
530 290
290 1149
1149 290
290 770
770 290
290 696
696 290
291 693
693 291
291 385
385 291
291 929
929 291
291 571
571 291
291 877
877 291
291 299
299 291
292 544
544 292
292 575
575 292
292 909
909 292
292 797
797 292
292 381
381 292
293 1107
1107 293
293 296
296 293
293 325
325 293
293 529
529 293
294 688
688 294
294 952
952 294
294 400
400 294
294 775
775 294
294 804
804 294
294 1089
1089 294
295 953
953 295
295 415
415 295
295 1039
1039 295
295 834
834 295
295 985
985 295
295 372
372 295
296 644
644 296
296 477
477 296
296 793
793 296
296 392
392 296
297 1194
1194 297
297 833
833 297
297 1335
1335 297
297 496
496 297
297 331
331 297
298 427
427 298
298 556
556 298
298 514
514 298
299 734
734 299
299 573
573 299
299 830
830 299
299 693
693 299
299 929
929 299
300 423
423 300
300 481
481 300
301 356
356 301
301 1134
1134 301
301 462
462 301
301 772
772 301
302 1190
1190 302
302 1131
1131 302
302 639
639 302
302 363
363 302
302 1167
1167 302
303 819
819 303
303 428
428 303
303 1206
1206 303
304 702
702 304
304 871
871 304
304 655
655 304
304 735
735 304
304 593
593 304
305 651
651 305
305 758
758 305
305 1268
1268 305
305 890
890 305
305 598
598 305
306 893
893 306
306 1098
1098 306
306 565
565 306
307 684
684 307
307 416
416 307
307 1130
1130 307
307 318
318 307
308 1039
1039 308
308 369
369 308
308 402
402 308
308 960
960 308
308 832
832 308
309 767
767 309
309 1004
1004 309
309 1110
1110 309
309 351
351 309
309 411
411 309
309 706
706 309
310 313
313 310
310 619
619 310
310 843
843 310
310 894
894 310
311 571
571 311
311 877
877 311
311 406
406 311
312 497
497 312
312 841
841 312
312 761
761 312
313 843
843 313
313 894
894 313
313 601
601 313
314 669
669 314
314 961
961 314
314 1170
1170 314
314 1273
1273 314
314 388
388 314
315 582
582 315
315 1300
1300 315
315 614
614 315
315 382
382 315
315 822
822 315
315 742
742 315
316 1056
1056 316
316 386
386 316
316 483
483 316
316 617
617 316
317 567
567 317
317 918
918 317
317 1311
1311 317
318 419
419 318
318 715
715 318
318 416
416 318
319 512
512 319
319 826
826 319
319 587
587 319
320 848
848 320
320 548
548 320
320 537
537 320
320 355
355 320
320 1016
1016 320
321 786
786 321
321 623
623 321
321 335
335 321
321 576
576 321
321 626
626 321
322 776
776 322
322 891
891 322
322 974
974 322
322 534
534 322
323 358
358 323
323 550
550 323
323 832
832 323
323 330
330 323
323 1236
1236 323
323 402
402 323
324 787
787 324
324 1040
1040 324
324 864
864 324
324 464
464 324
324 552
552 324
325 644
644 325
325 963
963 325
326 666
666 326
326 836
836 326
326 910
910 326
326 459
459 326
327 938
938 327
327 824
824 327
327 1085
1085 327
327 868
868 327
328 587
587 328
328 512
512 328
328 417
417 328
329 891
891 329
329 729
729 329
329 805
805 329
329 974
974 329
329 689
689 329
330 333
333 330
330 843
843 330
330 601
601 330
330 876
876 330
330 785
785 330
331 496
496 331
331 379
379 331
331 833
833 331
331 669
669 331
332 1044
1044 332
332 695
695 332
332 1083
1083 332
332 724
724 332
332 353
353 332
333 547
547 333
333 456
456 333
333 785
785 333
334 824
824 334
334 744
744 334
334 677
677 334
335 775
775 335
335 576
576 335
335 373
373 335
335 952
952 335
336 443
443 336
336 978
978 336
336 599
599 336
336 765
765 336
337 700
700 337
337 520
520 337
337 1056
1056 337
337 988
988 337
338 567
567 338
338 665
665 338
338 966
966 338
338 573
573 338
339 1220
1220 339
339 442
442 339
339 1052
1052 339
339 756
756 339
340 961
961 340
340 1302
1302 340
340 1266
1266 340
341 1099
1099 341
341 809
809 341
341 523
523 341
342 649
649 342
342 803
803 342
342 708
708 342
342 725
725 342
343 1021
1021 343
343 799
799 343
344 547
547 344
344 590
590 344
344 586
586 344
344 735
735 344
344 876
876 344
345 608
608 345
345 736
736 345
346 578
578 346
346 358
358 346
346 718
718 346
346 558
558 346
346 457
457 346
347 504
504 347
347 713
713 347
347 852
852 347
347 1227
1227 347
348 395
395 348
348 412
412 348
348 640
640 348
349 819
819 349
349 1060
1060 349
349 1062
1062 349
349 444
444 349
350 883
883 350
350 1025
1025 350
350 1040
1040 350
350 382
382 350
350 807
807 350
350 614
614 350
351 411
411 351
351 706
706 351
351 482
482 351
351 1004
1004 351
351 484
484 351
352 1302
1302 352
352 716
716 352
352 418
418 352
353 1044
1044 353
353 1083
1083 353
353 724
724 353
354 356
356 354
354 1262
1262 354
354 454
454 354
354 914
914 354
355 387
387 355
355 1016
1016 355
355 703
703 355
355 365
365 355
356 772
772 356
356 582
582 356
356 925
925 356
356 766
766 356
357 722
722 357
357 510
510 357
357 486
486 357
357 612
612 357
357 935
935 357
358 578
578 358
358 840
840 358
358 457
457 358
359 1247
1247 359
359 652
652 359
360 395
395 360
360 1086
1086 360
360 1045
1045 360
360 437
437 360
360 885
885 360
361 657
657 361
361 725
725 361
361 708
708 361
361 634
634 361
361 450
450 361
362 1008
1008 362
362 820
820 362
362 937
937 362
362 715
715 362
362 756
756 362
363 792
792 363
363 1190
1190 363
363 639
639 363
363 1167
1167 363
364 820
820 364
364 847
847 364
364 371
371 364
365 703
703 365
365 641
641 365
366 415
415 366
366 397
397 366
366 391
391 366
366 396
396 366
367 394
394 367
367 1029
1029 367
367 403
403 367
367 473
473 367
367 392
392 367
368 1029
1029 368
368 919
919 368
368 403
403 368
368 377
377 368
369 953
953 369
369 1039
1039 369
369 441
441 369
369 457
457 369
370 450
450 370
370 517
517 370
370 1249
1249 370
370 934
934 370
370 1135
1135 370
371 820
820 371
371 847
847 371
371 705
705 371
372 834
834 372
372 1039
1039 372
372 953
953 372
373 952
952 373
373 576
576 373
373 688
688 373
373 743
743 373
374 1021
1021 374
374 1059
1059 374
374 1153
1153 374
374 1101
1101 374
374 1189
1189 374
375 847
847 375
375 705
705 375
376 899
899 376
376 437
437 376
376 395
395 376
376 697
697 376
376 759
759 376
377 919
919 377
377 452
452 377
378 383
383 378
378 416
416 378
378 1130
1130 378
378 419
419 378
378 543
543 378
379 801
801 379
379 546
546 379
379 413
413 379
379 863
863 379
380 648
648 380
380 978
978 380
380 507
507 380
380 630
630 380
380 1091
1091 380
381 1069
1069 381
381 909
909 381
381 575
575 381
381 797
797 381
382 822
822 382
382 1025
1025 382
382 1300
1300 382
382 614
614 382
382 742
742 382
383 908
908 383
383 439
439 383
383 619
619 383
384 805
805 384
384 424
424 384
384 1154
1154 384
384 409
409 384
385 699
699 385
385 431
431 385
386 1293
1293 386
386 483
483 386
386 726
726 386
386 617
617 386
387 703
703 387
388 1204
1204 388
388 669
669 388
389 681
681 389
389 461
461 389
390 985
985 390
390 953
953 390
390 415
415 390
390 396
396 390
391 880
880 391
391 396
396 391
391 415
415 391
392 492
492 392
392 625
625 392
392 473
473 392
392 403
403 392
393 1300
1300 393
393 436
436 393
393 1255
1255 393
393 883
883 393
393 616
616 393
393 867
867 393
394 473
473 394
394 403
403 394
394 1029
1029 394
394 492
492 394
395 1015
1015 395
395 491
491 395
395 889
889 395
395 1086
1086 395
396 1155
1155 396
396 415
415 396
396 397
397 396
397 729
729 397
397 921
921 397
397 1208
1208 397
398 567
567 398
398 574
574 398
398 989
989 398
398 918
918 398
399 404
404 399
399 963
963 399
399 1042
1042 399
400 1089
1089 400
400 952
952 400
400 775
775 400
400 1282
1282 400
401 515
515 401
401 859
859 401
402 558
558 402
402 1236
1236 402
402 832
832 402
402 572
572 402
403 1029
1029 403
403 473
473 403
403 492
492 403
404 988
988 404
404 1301
1301 404
404 1282
1282 404
405 1062
1062 405
405 468
468 405
405 525
525 405
405 1063
1063 405
405 878
878 405
406 571
571 406
406 877
877 406
407 936
936 407
407 697
697 407
407 759
759 407
407 437
437 407
408 863
863 408
408 1138
1138 408
408 413
413 408
409 1154
1154 409
409 424
424 409
409 805
805 409
410 952
952 410
410 1051
1051 410
410 473
473 410
410 775
775 410
410 1089
1089 410
411 965
965 411
411 416
416 411
411 813
813 411
411 706
706 411
411 543
543 411
412 490
490 412
412 476
476 412
413 617
617 413
413 863
863 413
413 546
546 413
413 801
801 413
414 919
919 414
414 492
492 414
414 730
730 414
414 501
501 414
415 1039
1039 415
415 834
834 415
415 1155
1155 415
416 808
808 416
416 543
543 416
416 419
419 416
416 965
965 416
417 919
919 417
417 548
548 417
417 452
452 417
417 1252
1252 417
418 1019
1019 418
418 622
622 418
418 716
716 418
418 1302
1302 418
419 715
715 419
419 900
900 419
419 439
439 419
420 848
848 420
420 438
438 420
420 427
427 420
420 1074
1074 420
420 514
514 420
421 477
477 421
421 455
455 421
422 1310
1310 422
423 1045
1045 423
423 1086
1086 423
423 571
571 423
424 974
974 424
424 773
773 424
425 809
809 425
425 621
621 425
425 502
502 425
425 1033
1033 425
426 721
721 426
426 677
677 426
426 609
609 426
427 556
556 427
427 431
431 427
427 757
757 427
427 514
514 427
428 441
441 428
429 486
486 429
429 536
536 429
429 521
521 429
429 761
761 429
430 531
531 430
430 974
974 430
430 892
892 430
430 853
853 430
430 729
729 430
430 773
773 430
431 472
472 431
431 699
699 431
431 757
757 431
432 789
789 432
432 749
749 432
432 514
514 432
433 749
749 433
433 492
492 433
433 919
919 433
433 730
730 433
433 548
548 433
433 848
848 433
434 1039
1039 434
434 457
457 434
435 441
441 435
435 1155
1155 435
436 1309
1309 436
436 636
636 436
436 807
807 436
436 883
883 436
436 1300
1300 436
437 899
899 437
437 1045
1045 437
437 967
967 437
438 537
537 438
438 514
514 438
438 585
585 438
438 1074
1074 438
439 783
783 439
439 900
900 439
440 675
675 440
440 532
532 440
440 844
844 440
440 667
667 440
440 816
816 440
441 596
596 441
441 822
822 441
441 444
444 441
442 1220
1220 442
442 936
936 442
442 756
756 442
443 733
733 443
443 765
765 443
443 599
599 443
444 1062
1062 444
444 819
819 444
444 822
822 444
444 596
596 444
444 914
914 444
445 638
638 445
445 687
687 445
445 752
752 445
445 747
747 445
445 718
718 445
446 787
787 446
446 468
468 446
446 541
541 446
446 980
980 446
446 755
755 446
447 922
922 447
447 933
933 447
447 621
621 447
447 543
543 447
448 851
851 448
448 939
939 448
448 1077
1077 448
448 989
989 448
448 895
895 448
448 1046
1046 448
449 1033
1033 449
449 1004
1004 449
449 809
809 449
449 502
502 449
450 934
934 450
450 1023
1023 450
450 657
657 450
450 796
796 450
451 809
809 451
451 979
979 451
451 506
506 451
451 679
679 451
452 730
730 452
452 548
548 452
452 1252
1252 452
452 919
919 452
453 1128
1128 453
453 1093
1093 453
453 1312
1312 453
454 1262
1262 454
454 772
772 454
455 781
781 455
456 710
710 456
456 785
785 456
456 714
714 456
457 1039
1039 457
458 967
967 458
458 839
839 458
458 899
899 458
458 1174
1174 458
458 481
481 458
459 666
666 459
459 910
910 459
460 477
477 460
460 700
700 460
460 800
800 460
461 944
944 461
461 681
681 461
461 959
959 461
461 909
909 461
461 544
544 461
462 582
582 462
462 772
772 462
462 1134
1134 462
463 626
626 463
463 1023
1023 463
463 727
727 463
463 811
811 463
463 829
829 463
463 986
986 463
464 847
847 464
464 1298
1298 464
464 1105
1105 464
464 484
484 464
465 609
609 465
465 721
721 465
465 1138
1138 465
466 600
600 466
466 824
824 466
466 1021
1021 466
467 478
478 467
467 1047
1047 467
467 568
568 467
467 557
557 467
467 806
806 467
468 795
795 468
468 1295
1295 468
468 1262
1262 468
468 1049
1049 468
468 1050
1050 468
469 473
473 469
469 775
775 469
470 752
752 470
470 1040
1040 470
470 1105
1105 470
470 1308
1308 470
471 912
912 471
471 991
991 471
471 1122
1122 471
471 817
817 471
471 904
904 471
471 1020
1020 471
472 757
757 472
472 896
896 472
472 710
710 472
472 699
699 472
473 492
492 473
474 690
690 474
474 696
696 474
474 975
975 474
474 821
821 474
475 914
914 475
475 1206
1206 475
475 819
819 475
475 564
564 475
476 986
986 476
476 1076
1076 476
476 753
753 476
477 703
703 477
477 800
800 477
477 700
700 477
478 1281
1281 478
478 806
806 478
478 650
650 478
478 557
557 478
479 974
974 479
479 849
849 479
479 1210
1210 479
479 729
729 479
479 1208
1208 479
480 876
876 480
480 780
780 480
480 871
871 480
480 728
728 480
481 783
783 481
482 1004
1004 482
482 715
715 482
483 726
726 483
483 546
546 483
483 617
617 483
484 1004
1004 484
485 773
773 485
485 892
892 485
485 531
531 485
485 1014
1014 485
486 935
935 486
486 659
659 486
486 545
545 486
487 1114
1114 487
487 1032
1032 487
487 685
685 487
487 1330
1330 487
487 1319
1319 487
487 694
694 487
488 650
650 488
488 609
609 488
488 971
971 488
488 1281
1281 488
489 931
931 489
489 1071
1071 489
489 996
996 489
489 1027
1027 489
489 969
969 489
489 981
981 489
490 855
855 490
490 491
491 490
490 854
854 490
490 940
940 490
490 1192
1192 490
490 889
889 490
491 1174
1174 491
491 940
940 491
491 889
889 491
491 1015
1015 491
492 730
730 492
492 1029
1029 492
492 919
919 492
493 969
969 493
493 1267
1267 493
493 981
981 493
493 1071
1071 493
493 1337
1337 493
494 1073
1073 494
494 1214
1214 494
494 1343
1343 494
494 1286
1286 494
494 1232
1232 494
494 841
841 494
495 982
982 495
495 681
681 495
495 909
909 495
496 1092
1092 496
496 1194
1194 496
497 1030
1030 497
497 1173
1173 497
498 776
776 498
498 925
925 498
498 880
880 498
499 521
521 499
499 625
625 499
499 716
716 499
499 738
738 499
499 588
588 499
500 673
673 500
500 757
757 500
500 923
923 500
500 848
848 500
501 730
730 501
501 1029
1029 501
502 1004
1004 502
502 580
580 502
502 621
621 502
503 585
585 503
503 1074
1074 503
503 905
905 503
503 1087
1087 503
504 852
852 504
504 1107
1107 504
505 547
547 505
505 714
714 505
505 522
522 505
506 1238
1238 506
506 809
809 506
507 1223
1223 507
507 978
978 507
507 648
648 507
508 1057
1057 508
508 866
866 508
509 776
776 509
509 558
558 509
509 541
541 509
509 1134
1134 509
510 935
935 510
510 842
842 510
510 942
942 510
510 637
637 510
511 959
959 511
511 1195
1195 511
511 779
779 511
511 774
774 511
512 587
587 512
512 545
545 512
513 772
772 513
513 656
656 513
513 550
550 513
514 548
548 514
514 848
848 514
515 785
785 515
515 859
859 515
515 710
710 515
516 545
545 516
516 770
770 516
516 1034
1034 516
516 722
722 516
517 1266
1266 517
517 934
934 517
517 1249
1249 517
517 1135
1135 517
518 653
653 518
518 594
594 518
518 728
728 518
518 881
881 518
519 1135
1135 519
519 1249
1249 519
520 988
988 520
520 1056
1056 520
520 726
726 520
521 919
919 521
521 588
588 521
522 547
547 522
522 810
810 522
522 818
818 522
523 809
809 523
523 1099
1099 523
524 908
908 524
524 769
769 524
524 655
655 524
524 702
702 524
524 593
593 524
524 740
740 524
525 655
655 525
525 878
878 525
525 1062
1062 525
525 670
670 525
526 602
602 526
526 851
851 526
526 746
746 526
526 911
911 526
526 915
915 526
527 944
944 527
527 1227
1227 527
528 905
905 528
528 1087
1087 528
528 1272
1272 528
529 701
701 529
529 976
976 529
530 1136
1136 530
530 1149
1149 530
530 1178
1178 530
530 1314
1314 530
531 574
574 531
531 1014
1014 531
531 675
675 531
531 853
853 531
531 607
607 531
531 892
892 531
532 547
547 532
532 876
876 532
532 816
816 532
532 586
586 532
533 911
911 533
533 1158
1158 533
533 915
915 533
533 827
827 533
534 776
776 534
534 1134
1134 534
535 620
620 535
535 946
946 535
535 1149
1149 535
535 1240
1240 535
535 1183
1183 535
536 659
659 536
536 673
673 536
536 749
749 536
536 761
761 536
537 848
848 537
537 913
913 537
537 1074
1074 537
537 585
585 537
538 797
797 538
538 946
946 538
538 544
544 538
539 993
993 539
539 723
723 539
539 838
838 539
539 581
581 539
540 705
705 540
540 1195
1195 540
540 959
959 540
540 1008
1008 540
541 558
558 541
541 776
776 541
541 980
980 541
542 1194
1194 542
542 712
712 542
542 1270
1270 542
542 682
682 542
543 706
706 543
543 933
933 543
543 813
813 543
544 959
959 544
544 944
944 544
544 1195
1195 544
545 1252
1252 545
545 722
722 545
546 1138
1138 546
546 1293
1293 546
546 617
617 546
547 583
583 547
547 810
810 547
547 768
768 547
548 730
730 548
548 848
848 548
548 1252
1252 548
549 562
562 549
549 1003
1003 549
549 691
691 549
549 1073
1073 549
549 1214
1214 549
549 719
719 549
550 772
772 550
550 1049
1049 550
550 1050
1050 550
550 1236
1236 550
550 1060
1060 550
551 630
630 551
551 629
629 551
551 1011
1011 551
552 1040
1040 552
552 883
883 552
552 635
635 552
552 1309
1309 552
552 1110
1110 552
553 641
641 553
553 877
877 553
553 885
885 553
553 968
968 553
554 1223
1223 554
554 1091
1091 554
554 791
791 554
554 570
570 554
555 875
875 555
555 1224
1224 555
555 1161
1161 555
555 865
865 555
556 736
736 556
557 1047
1047 557
557 721
721 557
557 650
650 557
557 806
806 557
558 1134
1134 558
558 776
776 558
558 880
880 558
559 671
671 559
559 1052
1052 559
560 832
832 560
560 1006
1006 560
560 1291
1291 560
560 960
960 560
561 1252
1252 561
561 659
659 561
561 749
749 561
561 717
717 561
562 1019
1019 562
562 719
719 562
562 1152
1152 562
562 691
691 562
563 949
949 563
563 701
701 563
563 879
879 563
563 1173
1173 563
564 1206
1206 564
564 953
953 564
565 737
737 565
565 1110
1110 565
566 840
840 566
566 631
631 566
566 574
574 566
566 567
567 566
566 876
876 566
566 989
989 566
567 665
665 567
567 966
966 567
568 1281
1281 568
568 1047
1047 568
568 744
744 568
569 771
771 569
569 1037
1037 569
569 1128
1128 569
570 831
831 570
570 1091
1091 570
570 1223
1223 570
571 1045
1045 571
571 877
877 571
572 772
772 572
572 921
921 572
573 929
929 573
573 590
590 573
573 699
699 573
573 966
966 573
574 840
840 574
574 918
918 574
575 1069
1069 575
575 797
797 575
575 1206
1206 575
576 641
641 576
577 652
652 577
577 605
605 577
577 1247
1247 577
577 1190
1190 577
578 873
873 578
578 718
718 578
578 843
843 578
578 1039
1039 578
579 753
753 579
579 804
804 579
579 634
634 579
579 986
986 579
580 943
943 580
580 808
808 580
580 1008
1008 580
580 1017
1017 580
581 869
869 581
581 838
838 581
581 723
723 581
582 822
822 582
582 1262
1262 582
582 857
857 582
582 914
914 582
583 586
586 583
583 590
590 583
584 902
902 584
584 907
907 584
585 848
848 585
586 876
876 586
586 590
590 586
587 826
826 587
588 1253
1253 588
588 738
738 588
589 700
700 589
589 1301
1301 589
589 888
888 589
590 873
873 590
590 735
735 590
591 716
716 591
591 837
837 591
591 657
657 591
592 1141
1141 592
593 739
739 593
593 655
655 593
593 871
871 593
593 702
702 593
594 693
693 594
594 768
768 594
594 810
810 594
595 991
991 595
595 1333
1333 595
595 1142
1142 595
595 886
886 595
595 904
904 595
596 914
914 596
596 742
742 596
596 822
822 596
597 647
647 597
597 599
599 597
597 765
765 597
598 616
616 598
598 758
758 598
598 835
835 598
598 867
867 598
599 647
647 599
599 765
765 599
599 733
733 599
600 1335
1335 600
600 744
744 600
601 638
638 601
601 1307
1307 601
602 966
966 602
602 918
918 602
603 1076
1076 603
604 1335
1335 604
604 1153
1153 604
604 1163
1163 604
604 731
731 604
605 652
652 605
605 643
643 605
606 743
743 606
606 641
641 606
606 872
872 606
607 828
828 607
607 631
631 607
607 784
784 607
607 1002
1002 607
607 675
675 607
608 885
885 608
608 850
850 608
609 721
721 609
610 981
981 610
610 1267
1267 610
610 1122
1122 610
610 1277
1277 610
610 1028
1028 610
611 958
958 611
611 1195
1195 611
611 944
944 611
612 722
722 612
612 992
992 612
613 722
722 613
614 914
914 614
614 1300
1300 614
614 1262
1262 614
615 852
852 615
615 1227
1227 615
616 835
835 616
616 883
883 616
616 867
867 616
617 726
726 617
618 691
691 618
618 719
719 618
618 1176
1176 618
619 894
894 619
620 1040
1040 620
620 787
787 620
620 636
636 620
620 998
998 620
621 706
706 621
621 933
933 621
621 1004
1004 621
622 1301
1301 622
622 642
642 622
623 861
861 623
623 757
757 623
623 839
839 623
623 626
626 623
624 969
969 624
624 711
711 624
624 955
955 624
624 1267
1267 624
624 1066
1066 624
625 644
644 625
626 741
741 626
626 668
668 626
627 1064
1064 627
627 1043
1043 627
628 940
940 628
628 855
855 628
628 1174
1174 628
628 1192
1192 628
628 854
854 628
629 763
763 629
629 1011
1011 629
630 978
978 630
630 648
648 630
631 675
675 631
631 1002
1002 631
631 674
674 631
631 1077
1077 631
631 1087
1087 631
632 969
969 632
632 996
996 632
632 950
950 632
632 849
849 632
632 1210
1210 632
633 1339
1339 633
633 1117
1117 633
633 1234
1234 633
633 990
990 633
633 1018
1018 633
634 821
821 634
634 708
708 634
634 725
725 634
635 835
835 635
635 867
867 635
635 1268
1268 635
635 883
883 635
636 772
772 636
636 651
651 636
636 962
962 636
636 787
787 636
636 998
998 636
637 942
942 637
637 1087
1087 637
637 842
842 637
638 745
745 638
639 1131
1131 639
639 1190
1190 639
639 1167
1167 639
640 753
753 640
642 1282
1282 642
642 1293
1293 642
642 1301
1301 642
642 910
910 642
642 726
726 642
643 652
652 643
645 754
754 645
645 1024
1024 645
645 862
862 645
645 1229
1229 645
645 1154
1154 645
646 1021
1021 646
646 1161
1161 646
646 799
799 646
647 733
733 647
648 978
978 648
649 803
803 649
649 708
708 649
649 725
725 649
650 721
721 650
650 801
801 650
650 1281
1281 650
650 806
806 650
651 1040
1040 651
651 683
683 651
651 962
962 651
651 758
758 651
653 680
680 653
653 693
693 653
653 779
779 653
653 881
881 653
653 945
945 653
654 817
817 654
654 1333
1333 654
654 751
751 654
654 1196
1196 654
655 1307
1307 655
655 735
735 655
655 873
873 655
656 1236
1236 656
657 725
725 657
657 708
708 657
657 1282
1282 657
657 1023
1023 657
658 952
952 658
658 1282
1282 658
658 1089
1089 658
658 775
775 658
659 749
749 659
660 1054
1054 660
660 1121
1121 660
660 1254
1254 660
660 767
767 660
660 1068
1068 660
661 845
845 661
661 952
952 661
661 1023
1023 661
661 1013
1013 661
662 1158
1158 662
662 925
925 662
662 1044
1044 662
662 724
724 662
663 1074
1074 663
663 913
913 663
663 1016
1016 663
663 923
923 663
664 1115
1115 664
664 1072
1072 664
664 1019
1019 664
665 966
966 665
666 1112
1112 666
666 836
836 666
666 1141
1141 666
666 897
897 666
667 1064
1064 667
667 980
980 667
667 844
844 667
668 741
741 668
669 1204
1204 669
669 1293
1293 669
670 908
908 670
670 1062
1062 670
670 878
878 670
671 829
829 671
671 764
764 671
671 811
811 671
671 906
906 671
672 881
881 672
672 779
779 672
672 1195
1195 672
672 945
945 672
672 769
769 672
673 730
730 673
673 749
749 673
673 757
757 673
674 989
989 674
674 939
939 674
674 1077
1077 674
675 903
903 675
676 843
843 676
676 873
873 676
676 735
735 676
677 1047
1047 677
677 744
744 677
677 1118
1118 677
679 811
811 679
679 979
979 679
679 1238
1238 679
680 945
945 680
680 739
739 680
680 881
881 680
681 909
909 681
682 1194
1194 682
682 993
993 682
682 712
712 682
682 1270
1270 682
683 1262
1262 683
683 1006
1006 683
683 914
914 683
684 808
808 684
684 965
965 684
684 1063
1063 684
685 931
931 685
685 1337
1337 685
685 1071
1071 685
685 981
981 685
685 694
694 685
686 1025
1025 686
686 822
822 686
686 819
819 686
686 914
914 686
686 742
742 686
687 747
747 687
687 827
827 687
688 743
743 688
688 952
952 688
688 804
804 688
689 773
773 689
689 729
729 689
689 974
974 689
689 805
805 689
690 1073
1073 690
690 709
709 690
690 691
691 690
690 732
732 690
691 1073
1073 691
691 719
719 691
691 1214
1214 691
692 777
777 692
692 1010
1010 692
692 1068
1068 692
692 704
704 692
692 720
720 692
693 877
877 693
693 830
830 693
693 929
929 693
694 1031
1031 694
694 950
950 694
694 1032
1032 694
694 1319
1319 694
695 1158
1158 695
695 1308
1308 695
695 1083
1083 695
695 1033
1033 695
696 979
979 696
696 821
821 696
696 753
753 696
697 743
743 697
697 936
936 697
697 759
759 697
698 1146
1146 698
698 1339
1339 698
698 720
720 698
698 704
704 698
700 703
703 700
700 800
800 700
701 1173
1173 701
702 780
780 702
702 735
735 702
704 777
777 704
704 1010
1010 704
704 720
720 704
704 1068
1068 704
706 933
933 706
706 1004
1004 706
706 965
965 706
707 715
715 707
707 937
937 707
708 803
803 708
708 725
725 708
709 1084
1084 709
709 1036
1036 709
709 1214
1214 709
709 1073
1073 709
709 1003
1003 709
710 714
714 710
710 785
785 710
711 1027
1027 711
711 1290
1290 711
711 1267
1267 711
711 981
981 711
711 720
720 711
712 1194
1194 712
712 833
833 712
713 1227
1227 713
714 785
785 714
715 1174
1174 715
715 855
855 715
716 970
970 716
717 848
848 717
717 749
749 717
718 745
745 718
719 1073
1073 719
719 1176
1176 719
719 1214
1214 719
720 1290
1290 720
720 1068
1068 720
721 1138
1138 721
723 973
973 723
723 1270
1270 723
723 838
838 723
723 1097
1097 723
723 993
993 723
724 1158
1158 724
724 1044
1044 724
724 1083
1083 724
725 803
803 725
726 1301
1301 726
726 988
988 726
726 1056
1056 726
727 885
885 727
727 829
829 727
728 735
735 728
728 881
881 728
728 871
871 728
728 739
739 728
729 1208
1208 729
729 921
921 729
729 773
773 729
730 749
749 730
730 919
919 730
731 1335
1335 731
732 1084
1084 732
732 751
751 732
732 987
987 732
732 1212
1212 732
733 765
765 733
734 830
830 734
734 905
905 734
735 1307
1307 735
735 873
873 735
736 1045
1045 736
737 1298
1298 737
737 956
956 737
737 1025
1025 737
737 933
933 737
738 992
992 738
739 884
884 739
740 908
908 740
740 854
854 740
740 783
783 740
740 769
769 740
742 813
813 742
742 822
822 742
743 786
786 743
743 952
952 743
743 804
804 743
744 1138
1138 744
744 1047
1047 744
745 873
873 745
745 1307
1307 745
746 856
856 746
746 851
851 746
746 1077
1077 746
747 1295
1295 747
747 1147
1147 747
747 827
827 747
747 755
755 747
748 1243
1243 748
748 1065
1065 748
749 848
848 749
750 1234
1234 750
750 804
804 750
751 886
886 751
751 1339
1339 751
751 1084
1084 751
751 1333
1333 751
751 1196
1196 751
752 980
980 752
752 1295
1295 752
753 986
986 753
753 1112
1112 753
753 897
897 753
754 1024
1024 754
754 815
815 754
754 1100
1100 754
754 1268
1268 754
755 1158
1158 755
755 1295
1295 755
756 1220
1220 756
757 896
896 757
757 839
839 757
758 1255
1255 758
758 835
835 758
758 867
867 758
759 936
936 759
760 780
780 760
760 1147
1147 760
760 1220
1220 760
760 1064
1064 760
761 1030
1030 761
762 783
783 762
762 900
900 762
763 1291
1291 763
763 1006
1006 763
764 811
811 764
766 1255
1255 766
766 1300
1300 766
767 815
815 767
767 1100
1100 767
767 1106
1106 767
767 1254
1254 767
768 873
873 768
768 785
785 768
769 908
908 769
769 783
783 769
771 1128
1128 771
771 1037
1037 771
772 1050
1050 772
773 1208
1208 773
773 974
974 773
774 779
779 774
774 976
976 774
775 952
952 775
775 1089
1089 775
776 880
880 776
777 977
977 777
777 931
931 777
777 1068
1068 777
777 1027
1027 777
778 1130
1130 778
779 945
945 779
779 881
881 779
780 1220
1220 780
780 871
871 780
781 1029
1029 781
782 1281
1281 782
783 900
900 783
783 854
854 783
784 1002
1002 784
784 949
949 784
784 828
828 784
785 873
873 785
786 850
850 786
786 967
967 786
787 998
998 787
788 1279
1279 788
788 870
870 788
790 1022
1022 790
790 1272
1272 790
790 924
924 790
790 995
995 790
791 1223
1223 791
791 1091
1091 791
792 1190
1190 792
792 1058
1058 792
793 826
826 793
793 919
919 793
794 1015
1015 794
794 855
855 794
795 813
813 795
795 1262
1262 795
795 1025
1025 795
795 956
956 795
796 845
845 796
796 952
952 796
796 1042
1042 796
798 1115
1115 798
798 1264
1264 798
798 1323
1323 798
798 1072
1072 798
798 1322
1322 798
798 1244
1244 798
799 994
994 799
799 1085
1085 799
800 972
972 800
801 1281
1281 801
801 1251
1251 801
801 863
863 801
802 877
877 802
802 896
896 802
802 885
885 802
803 961
961 803
803 821
821 803
804 952
952 804
805 974
974 805
806 1047
1047 806
807 883
883 807
807 1300
1300 807
807 1040
1040 807
808 965
965 808
808 878
878 808
811 906
906 811
811 986
986 811
811 1023
1023 811
812 882
882 812
813 956
956 813
814 929
929 814
815 883
883 815
815 1100
1100 815
815 1231
1231 815
815 1106
1106 815
816 880
880 816
816 921
921 816
816 840
840 816
817 1028
1028 817
817 912
912 817
817 1020
1020 817
817 1122
1122 817
818 843
843 818
819 857
857 819
819 914
914 819
820 937
937 820
821 975
975 821
823 1168
1168 823
823 1094
1094 823
825 943
943 825
825 922
922 825
825 908
908 825
826 1029
1029 826
826 919
919 826
827 1158
1158 827
828 1087
1087 828
828 1002
1002 828
829 899
899 829
829 986
986 829
830 929
929 830
831 893
893 831
831 1126
1126 831
832 1039
1039 832
833 1194
1194 833
834 843
843 834
834 1039
1039 834
834 985
985 834
835 1255
1255 835
835 867
867 835
836 1141
1141 836
837 906
906 837
838 1270
1270 838
838 973
973 838
838 993
993 838
839 884
884 839
839 967
967 839
839 896
896 839
840 903
903 840
840 921
921 840
841 1256
1256 841
841 1176
1176 841
841 1232
1232 841
842 1087
1087 842
842 949
949 842
842 942
942 842
843 873
873 843
844 980
980 844
845 952
952 845
845 888
888 845
846 973
973 846
846 863
863 846
847 1222
1222 847
847 979
979 847
849 1319
1319 849
849 950
950 849
849 996
996 849
849 1067
1067 849
849 1210
1210 849
850 967
967 850
851 856
856 851
851 1077
1077 851
852 1227
1227 852
853 921
921 853
853 903
903 853
854 940
940 854
854 900
900 854
854 1192
1192 854
855 940
940 855
855 1015
1015 855
855 1174
1174 855
857 914
914 857
858 1065
1065 858
858 901
901 858
858 941
941 858
859 967
967 859
859 936
936 859
859 1151
1151 859
860 871
871 860
861 884
884 861
861 896
896 861
862 1024
1024 862
862 1229
1229 862
862 1154
1154 862
863 970
970 863
864 1025
1025 864
864 1105
1105 864
865 1266
1266 865
865 1224
1224 865
865 1153
1153 865
865 875
875 865
866 1057
1057 866
867 1255
1255 867
868 1085
1085 868
870 929
929 870
871 876
876 871
872 968
968 872
873 1307
1307 873
874 933
933 874
874 956
956 874
874 965
965 874
875 934
934 875
875 1135
1135 875
878 908
908 878
879 1043
1043 879
880 921
921 880
881 945
945 881
883 1309
1309 883
883 1300
1300 883
884 896
896 884
886 1122
1122 886
886 1142
1142 886
886 1020
1020 886
886 991
991 886
886 1333
1333 886
887 1174
1174 887
887 936
936 887
888 952
952 888
889 940
940 889
889 1015
1015 889
890 1255
1255 890
890 1154
1154 890
891 921
921 891
891 903
903 891
892 1002
1002 892
893 1203
1203 893
893 1098
1098 893
895 939
939 895
895 989
989 895
896 1151
1151 896
896 967
967 896
897 1112
1112 897
897 1141
1141 897
898 1030
1030 898
899 1174
1174 899
899 940
940 899
901 1126
1126 901
901 941
941 901
902 907
907 902
903 921
921 903
904 991
991 904
904 1269
1269 904
904 948
948 904
905 1074
1074 905
905 913
913 905
906 952
952 906
906 986
986 906
908 943
943 908
910 963
963 910
910 1042
1042 910
910 988
988 910
912 1122
1122 912
912 1284
1284 912
912 1020
1020 912
913 1252
1252 913
913 1074
1074 913
914 1262
1262 914
917 961
961 917
917 1000
1000 917
918 1311
1311 918
919 1029
1029 919
922 933
933 922
923 1074
1074 923
924 995
995 924
924 1022
1022 924
924 1272
1272 924
924 1327
1327 924
927 1337
1337 927
927 1027
1027 927
927 997
997 927
927 954
954 927
928 995
995 928
928 1066
1066 928
930 1187
1187 930
930 1270
1270 930
930 1180
1180 930
931 969
969 931
931 1330
1330 931
931 1337
1337 931
931 981
981 931
932 1251
1251 932
932 973
973 932
933 965
965 933
933 956
956 933
934 1224
1224 934
934 1266
1266 934
934 1135
1135 934
934 1109
1109 934
936 967
967 936
937 1188
1188 937
937 1008
1008 937
938 1107
1107 938
938 1070
1070 938
938 994
994 938
940 1174
1174 940
941 1065
1065 941
942 949
949 942
943 1017
1017 943
944 1195
1195 944
944 958
958 944
947 1076
1076 947
948 1036
1036 948
948 1269
1269 948
948 991
991 948
948 1256
1256 948
949 1077
1077 949
949 1002
1002 949
950 1031
1031 950
950 996
996 950
950 1067
1067 950
950 1319
1319 950
950 1032
1032 950
951 1159
1159 951
951 1133
1133 951
951 1191
1191 951
951 1316
1316 951
953 1039
1039 953
954 1284
1284 954
954 1007
1007 954
954 1290
1290 954
955 1069
1069 955
955 969
969 955
955 977
977 955
955 1267
1267 955
956 1062
1062 956
956 1025
1025 956
957 1319
1319 957
957 1032
1032 957
957 1031
1031 957
958 1008
1008 958
958 1195
1195 958
958 1103
1103 958
959 1195
1195 959
960 1291
1291 960
961 1259
1259 961
961 1266
1266 961
962 998
998 962
963 988
988 963
963 1042
1042 963
965 1321
1321 965
967 1045
1045 967
969 981
981 969
969 1337
1337 969
969 1071
1071 969
970 1293
1293 970
971 1281
1281 971
973 1251
1251 973
973 993
993 973
973 1270
1270 973
975 1292
1292 975
975 1152
1152 975
976 1016
1016 976
977 1068
1068 977
977 1010
1010 977
977 1027
1027 977
979 1052
1052 979
979 1222
1222 979
981 1337
1337 981
981 1027
1027 981
982 1011
1011 982
983 1036
1036 983
983 1022
1022 983
983 1142
1142 983
984 1327
1327 984
984 1272
1272 984
985 1039
1039 985
988 1301
1301 988
989 1311
1311 989
990 1234
1234 990
990 1018
1018 990
990 1339
1339 990
991 1122
1122 991
991 1007
1007 991
991 1020
1020 991
992 1034
1034 992
993 1251
1251 993
994 1107
1107 994
994 1085
1085 994
995 1022
1022 995
995 1327
1327 995
995 1272
1272 995
996 1067
1067 996
996 1071
1071 996
996 1032
1032 996
997 1337
1337 997
998 1040
1040 998
1001 1265
1265 1001
1001 1162
1162 1001
1001 1115
1115 1001
1001 1288
1288 1001
1001 1095
1095 1001
1002 1077
1077 1002
1002 1087
1087 1002
1003 1176
1176 1003
1003 1256
1256 1003
1003 1073
1073 1003
1003 1214
1214 1003
1005 1042
1042 1005
1006 1262
1262 1006
1006 1291
1291 1006
1007 1020
1020 1007
1007 1284
1284 1007
1007 1333
1333 1007
1007 1290
1290 1007
1008 1017
1017 1008
1009 1066
1066 1009
1010 1054
1054 1010
1010 1068
1068 1010
1010 1172
1172 1010
1012 1076
1076 1012
1015 1174
1174 1015
1018 1234
1234 1018
1018 1117
1117 1018
1019 1072
1072 1019
1019 1152
1152 1019
1020 1122
1122 1020
1022 1272
1272 1022
1022 1150
1150 1022
1022 1028
1028 1022
1022 1327
1327 1022
1024 1319
1319 1024
1024 1067
1067 1024
1024 1114
1114 1024
1027 1068
1068 1027
1028 1277
1277 1028
1028 1267
1267 1028
1028 1122
1122 1028
1031 1319
1319 1031
1031 1032
1032 1031
1032 1319
1319 1032
1035 1072
1072 1035
1035 1322
1322 1035
1036 1196
1196 1036
1036 1256
1256 1036
1037 1128
1128 1037
1042 1301
1301 1042
1044 1158
1158 1044
1048 1070
1070 1048
1049 1062
1062 1049
1049 1295
1295 1049
1049 1060
1060 1049
1049 1050
1050 1049
1050 1060
1060 1050
1050 1295
1295 1050
1053 1246
1246 1053
1053 1250
1250 1053
1054 1069
1069 1054
1054 1172
1172 1054
1060 1295
1295 1060
1060 1062
1062 1060
1061 1255
1255 1061
1061 1154
1154 1061
1062 1295
1295 1062
1066 1267
1267 1066
1066 1122
1122 1066
1067 1319
1319 1067
1068 1130
1130 1068
1070 1107
1107 1070
1071 1337
1337 1071
1072 1152
1152 1072
1073 1232
1232 1073
1073 1214
1214 1073
1075 1139
1139 1075
1075 1128
1128 1075
1075 1080
1080 1075
1075 1261
1261 1075
1075 1312
1312 1075
1078 1124
1124 1078
1078 1283
1283 1078
1078 1344
1344 1078
1078 1248
1248 1078
1078 1207
1207 1078
1078 1329
1329 1078
1079 1145
1145 1079
1079 1218
1218 1079
1079 1199
1199 1079
1079 1164
1164 1079
1079 1275
1275 1079
1079 1325
1325 1079
1080 1328
1328 1080
1080 1332
1332 1080
1080 1274
1274 1080
1080 1226
1226 1080
1080 1108
1108 1080
1081 1280
1280 1081
1081 1140
1140 1081
1081 1199
1199 1081
1081 1113
1113 1081
1081 1276
1276 1081
1081 1102
1102 1081
1082 1283
1283 1082
1082 1344
1344 1082
1082 1318
1318 1082
1082 1144
1144 1082
1082 1241
1241 1082
1082 1207
1207 1082
1083 1158
1158 1083
1084 1333
1333 1084
1084 1196
1196 1084
1084 1339
1339 1084
1088 1186
1186 1088
1088 1218
1218 1088
1088 1164
1164 1088
1088 1340
1340 1088
1088 1127
1127 1088
1088 1171
1171 1088
1090 1097
1097 1090
1090 1285
1285 1090
1091 1223
1223 1091
1092 1163
1163 1092
1092 1170
1170 1092
1092 1259
1259 1092
1093 1133
1133 1093
1093 1159
1159 1093
1093 1312
1312 1093
1094 1146
1146 1094
1094 1168
1168 1094
1095 1115
1115 1095
1095 1251
1251 1095
1095 1162
1162 1095
1095 1265
1265 1095
1096 1115
1115 1096
1096 1288
1288 1096
1096 1244
1244 1096
1096 1322
1322 1096
1097 1270
1270 1097
1099 1222
1222 1099
1099 1146
1146 1099
1100 1254
1254 1100
1100 1114
1114 1100
1101 1259
1259 1101
1101 1163
1163 1101
1101 1153
1153 1101
1101 1189
1189 1101
1102 1169
1169 1102
1102 1280
1280 1102
1102 1140
1140 1102
1102 1113
1113 1102
1102 1276
1276 1102
1104 1113
1113 1104
1104 1280
1280 1104
1104 1144
1144 1104
1104 1169
1169 1104
1104 1260
1260 1104
1104 1205
1205 1104
1105 1321
1321 1105
1105 1308
1308 1105
1106 1231
1231 1106
1106 1110
1110 1106
1108 1274
1274 1108
1108 1177
1177 1108
1108 1226
1226 1108
1108 1328
1328 1108
1108 1332
1332 1108
1109 1259
1259 1109
1109 1224
1224 1109
1109 1135
1135 1109
1109 1266
1266 1109
1110 1309
1309 1110
1111 1280
1280 1111
1111 1338
1338 1111
1111 1342
1342 1111
1111 1260
1260 1111
1111 1205
1205 1111
1112 1141
1141 1112
1113 1169
1169 1113
1113 1140
1140 1113
1113 1276
1276 1113
1113 1280
1280 1113
1114 1330
1330 1114
1114 1319
1319 1114
1115 1265
1265 1115
1115 1162
1162 1115
1115 1322
1322 1115
1115 1323
1323 1115
1116 1306
1306 1116
1116 1136
1136 1116
1116 1315
1315 1116
1116 1211
1211 1116
1116 1209
1209 1116
1116 1338
1338 1116
1117 1234
1234 1117
1119 1152
1152 1119
1119 1292
1292 1119
1120 1317
1317 1120
1120 1242
1242 1120
1120 1329
1329 1120
1120 1156
1156 1120
1120 1235
1235 1120
1120 1219
1219 1120
1121 1172
1172 1121
1121 1254
1254 1121
1121 1303
1303 1121
1123 1202
1202 1123
1123 1146
1146 1123
1123 1125
1125 1123
1123 1213
1213 1123
1124 1344
1344 1124
1124 1132
1132 1124
1124 1241
1241 1124
1124 1207
1207 1124
1125 1202
1202 1125
1125 1146
1146 1125
1125 1168
1168 1125
1125 1213
1213 1125
1127 1145
1145 1127
1127 1186
1186 1127
1127 1164
1164 1127
1127 1171
1171 1127
1127 1340
1340 1127
1129 1241
1241 1129
1129 1207
1207 1129
1129 1304
1304 1129
1129 1283
1283 1129
1129 1344
1344 1129
1131 1190
1190 1131
1131 1167
1167 1131
1132 1261
1261 1132
1132 1133
1133 1132
1132 1316
1316 1132
1133 1316
1316 1133
1133 1139
1139 1133
1133 1312
1312 1133
1133 1159
1159 1133
1135 1153
1153 1135
1136 1178
1178 1136
1136 1315
1315 1136
1136 1338
1338 1136
1136 1209
1209 1136
1136 1318
1318 1136
1136 1211
1211 1136
1137 1228
1228 1137
1137 1329
1329 1137
1137 1283
1283 1137
1137 1314
1314 1137
1138 1281
1281 1138
1139 1191
1191 1139
1139 1312
1312 1139
1140 1178
1178 1140
1140 1276
1276 1140
1140 1280
1280 1140
1142 1333
1333 1142
1143 1175
1175 1143
1143 1269
1269 1143
1143 1343
1343 1143
1144 1276
1276 1144
1144 1260
1260 1144
1144 1241
1241 1144
1144 1318
1318 1144
1145 1164
1164 1145
1145 1186
1186 1145
1145 1340
1340 1145
1145 1275
1275 1145
1145 1171
1171 1145
1146 1339
1339 1146
1146 1213
1213 1146
1146 1166
1166 1146
1147 1295
1295 1147
1150 1272
1272 1150
1150 1327
1327 1150
1152 1302
1302 1152
1153 1163
1163 1153
1153 1189
1189 1153
1154 1310
1310 1154
1154 1255
1255 1154
1156 1219
1219 1156
1156 1185
1185 1156
1156 1160
1160 1156
1156 1242
1242 1156
1156 1245
1245 1156
1157 1279
1279 1157
1159 1191
1191 1159
1160 1185
1185 1160
1160 1242
1242 1160
1160 1245
1245 1160
1161 1271
1271 1161
1162 1251
1251 1162
1162 1265
1265 1162
1163 1259
1259 1163
1163 1170
1170 1163
1164 1171
1171 1164
1164 1340
1340 1164
1164 1237
1237 1164
1164 1336
1336 1164
1164 1218
1218 1164
1166 1234
1234 1166
1166 1339
1339 1166
1166 1181
1181 1166
1166 1213
1213 1166
1167 1190
1190 1167
1168 1202
1202 1168
1168 1213
1213 1168
1169 1260
1260 1169
1169 1280
1280 1169
1170 1259
1259 1170
1170 1273
1273 1170
1171 1186
1186 1171
1171 1340
1340 1171
1175 1176
1176 1175
1175 1343
1343 1175
1175 1286
1286 1175
1175 1269
1269 1175
1176 1214
1214 1176
1177 1201
1201 1177
1177 1332
1332 1177
1177 1328
1328 1177
1177 1274
1274 1177
1177 1226
1226 1177
1178 1211
1211 1178
1178 1306
1306 1178
1178 1280
1280 1178
1178 1276
1276 1178
1180 1270
1270 1180
1181 1234
1234 1181
1181 1339
1339 1181
1181 1257
1257 1181
1182 1279
1279 1182
1183 1240
1240 1183
1184 1218
1218 1184
1184 1228
1228 1184
1184 1314
1314 1184
1184 1336
1336 1184
1184 1237
1237 1184
1185 1242
1242 1185
1185 1245
1245 1185
1186 1340
1340 1186
1186 1275
1275 1186
1187 1287
1287 1187
1187 1233
1233 1187
1189 1224
1224 1189
1190 1247
1247 1190
1191 1316
1316 1191
1193 1312
1312 1193
1193 1219
1219 1193
1196 1339
1339 1196
1196 1333
1333 1196
1197 1319
1319 1197
1197 1263
1263 1197
1198 1271
1271 1198
1199 1276
1276 1199
1200 1227
1227 1200
1201 1316
1316 1201
1201 1274
1274 1201
1201 1226
1226 1201
1201 1324
1324 1201
1202 1213
1213 1202
1205 1280
1280 1205
1205 1260
1260 1205
1207 1304
1304 1207
1207 1283
1283 1207
1207 1344
1344 1207
1207 1241
1241 1207
1209 1315
1315 1209
1209 1211
1211 1209
1209 1306
1306 1209
1209 1338
1338 1209
1211 1315
1315 1211
1211 1338
1338 1211
1211 1306
1306 1211
1215 1258
1258 1215
1215 1243
1243 1215
1216 1256
1256 1216
1217 1340
1340 1217
1217 1275
1275 1217
1218 1340
1340 1218
1218 1237
1237 1218
1218 1336
1336 1218
1219 1329
1329 1219
1219 1235
1235 1219
1225 1231
1231 1225
1226 1328
1328 1226
1226 1274
1274 1226
1226 1332
1332 1226
1228 1314
1314 1228
1228 1299
1299 1228
1228 1237
1237 1228
1228 1336
1336 1228
1230 1330
1330 1230
1230 1257
1257 1230
1230 1254
1254 1230
1230 1303
1303 1230
1231 1303
1303 1231
1232 1256
1256 1232
1233 1287
1287 1233
1233 1265
1265 1233
1233 1289
1289 1233
1234 1339
1339 1234
1235 1248
1248 1235
1235 1329
1329 1235
1237 1306
1306 1237
1237 1336
1336 1237
1239 1341
1341 1239
1239 1286
1286 1239
1241 1299
1299 1241
1241 1344
1344 1241
1241 1318
1318 1241
1242 1245
1245 1242
1244 1264
1264 1244
1244 1322
1322 1244
1244 1288
1288 1244
1246 1310
1310 1246
1248 1344
1344 1248
1248 1283
1283 1248
1248 1329
1329 1248
1257 1303
1303 1257
1259 1266
1266 1259
1260 1280
1280 1260
1261 1312
1312 1261
1261 1305
1305 1261
1261 1274
1274 1261
1261 1332
1332 1261
1272 1327
1327 1272
1274 1328
1328 1274
1274 1332
1332 1274
1275 1340
1340 1275
1276 1306
1306 1276
1276 1280
1280 1276
1278 1326
1326 1278
1278 1316
1316 1278
1280 1306
1306 1280
1283 1304
1304 1283
1283 1344
1344 1283
1284 1333
1333 1284
1284 1290
1290 1284
1287 1335
1335 1287
1289 1323
1323 1289
1290 1333
1333 1290
1292 1302
1302 1292
1294 1339
1339 1294
1296 1325
1325 1296
1296 1336
1336 1296
1297 1298
1298 1297
1299 1336
1336 1299
1300 1309
1309 1300
1304 1344
1344 1304
1305 1324
1324 1305
1305 1332
1332 1305
1306 1315
1315 1306
1306 1338
1338 1306
1308 1321
1321 1308
1313 1338
1338 1313
1313 1342
1342 1313
1313 1315
1315 1313
1314 1336
1336 1314
1315 1338
1338 1315
1317 1329
1329 1317
1322 1323
1323 1322
1325 1336
1336 1325
1328 1332
1332 1328
1329 1344
1344 1329
1334 1336
1336 1334
